0 0.406250 0.316667 0.065625 0.050000
0 0.418750 0.343056 0.062500 0.036111
0 0.526563 0.779167 0.131250 0.241667
0 0.531250 0.670833 0.040625 0.069444
0 0.482031 0.597222 0.039062 0.050000
0 0.450000 0.631944 0.043750 0.063889
0 0.219531 0.591667 0.060937 0.055556
0 0.253906 0.366667 0.051562 0.044444
0 0.137500 0.333333 0.053125 0.038889
0 0.258594 0.255556 0.023438 0.044444
0 0.242969 0.222222 0.020313 0.033333
0 0.217188 0.254167 0.018750 0.030556
0 0.640625 0.298611 0.043750 0.036111
0 0.692187 0.269444 0.037500 0.033333
0 0.295312 0.198611 0.028125 0.030556
0 0.252344 0.181944 0.020313 0.036111
0 0.754687 0.981944 0.059375 0.036111
