0 0.153125 0.706944 0.043750 0.025000
0 0.257031 0.659722 0.048438 0.025000
0 0.216406 0.598611 0.098437 0.075000
0 0.217188 0.541667 0.040625 0.022222
0 0.347656 0.590278 0.035937 0.108333
0 0.475000 0.902778 0.031250 0.050000
0 0.399219 0.631944 0.029687 0.041667
0 0.407813 0.576389 0.021875 0.041667
0 0.362500 0.534722 0.028125 0.052778
0 0.525000 0.476389 0.050000 0.080556
0 0.664844 0.655556 0.029687 0.122222
0 0.532031 0.775000 0.042188 0.061111
0 0.574219 0.747222 0.029687 0.055556
0 0.560156 0.855556 0.029687 0.050000
0 0.587500 0.920833 0.034375 0.052778
0 0.609375 0.986111 0.021875 0.027778
0 0.675000 0.975000 0.034375 0.050000
0 0.707812 0.984722 0.031250 0.030556
0 0.792969 0.965278 0.073438 0.069444
0 0.724219 0.937500 0.039062 0.058333
0 0.661719 0.875000 0.032813 0.061111
0 0.621875 0.850000 0.028125 0.050000
0 0.612500 0.775000 0.025000 0.050000
0 0.653906 0.781944 0.073438 0.125000
0 0.713281 0.823611 0.070312 0.141667
0 0.902344 0.861111 0.035937 0.038889
0 0.889062 0.834722 0.040625 0.047222
0 0.855469 0.766667 0.042188 0.050000
0 0.828125 0.720833 0.028125 0.030556
0 0.575000 0.666667 0.034375 0.044444
0 0.539062 0.593056 0.021875 0.047222
0 0.521094 0.627778 0.023438 0.033333
0 0.504687 0.540278 0.025000 0.041667
0 0.488281 0.469444 0.023438 0.033333
0 0.478125 0.495833 0.015625 0.041667
0 0.656250 0.511111 0.037500 0.022222
0 0.680469 0.545833 0.039062 0.019444
0 0.710156 0.573611 0.026562 0.025000
0 0.705469 0.604167 0.032813 0.025000
0 0.735156 0.625000 0.042188 0.022222
0 0.757031 0.594444 0.032813 0.027778
0 0.452344 0.459722 0.020313 0.025000
0 0.406250 0.436111 0.025000 0.022222
0 0.435937 0.416667 0.018750 0.033333
0 0.578125 0.437500 0.037500 0.019444
0 0.490625 0.402778 0.015625 0.027778
0 0.464844 0.427778 0.017188 0.022222
0 0.458594 0.395833 0.014063 0.030556
