0 0.967187 0.304167 0.037500 0.025000
0 0.289844 0.956944 0.101562 0.075000
0 0.618750 0.669444 0.065625 0.061111
0 0.770312 0.343056 0.046875 0.052778
0 0.656250 0.398611 0.053125 0.130556
0 0.022656 0.862500 0.042188 0.058333
0 0.077344 0.881944 0.085938 0.102778
0 0.157812 0.751389 0.075000 0.069444
0 0.207813 0.762500 0.071875 0.097222
0 0.341406 0.784722 0.079687 0.069444
0 0.571094 0.566667 0.048438 0.055556
0 0.357812 0.651389 0.071875 0.058333
0 0.305469 0.631944 0.070312 0.058333
0 0.439844 0.547222 0.051562 0.072222
0 0.514844 0.566667 0.042188 0.050000
0 0.584375 0.487500 0.028125 0.041667
0 0.583594 0.429167 0.035937 0.036111
0 0.562500 0.355556 0.046875 0.044444
0 0.250781 0.420833 0.082812 0.086111
0 0.172656 0.504167 0.023438 0.058333
0 0.023438 0.583333 0.028125 0.077778
0 0.369531 0.390278 0.048438 0.047222
0 0.346094 0.409722 0.042188 0.036111
0 0.827344 0.518056 0.039062 0.058333
0 0.326562 0.376389 0.028125 0.030556
0 0.276562 0.347222 0.040625 0.027778
0 0.265625 0.368056 0.034375 0.036111
0 0.163281 0.366667 0.035937 0.038889
0 0.127344 0.355556 0.035937 0.027778
0 0.098437 0.330556 0.025000 0.027778
0 0.022656 0.300000 0.032813 0.033333
0 0.060156 0.302778 0.023438 0.027778
0 0.233594 0.330556 0.029687 0.016667
0 0.216406 0.352778 0.032813 0.033333
0 0.195312 0.309722 0.028125 0.019444
0 0.146094 0.295833 0.023438 0.025000
