0 0.612500 0.984722 0.043750 0.030556
0 0.556250 0.879167 0.059375 0.102778
0 0.486719 0.729167 0.054688 0.097222
0 0.462500 0.845833 0.068750 0.113889
0 0.364844 0.547222 0.045312 0.105556
0 0.303125 0.533333 0.031250 0.077778
0 0.304688 0.627778 0.034375 0.072222
0 0.372656 0.462500 0.032813 0.047222
0 0.272656 0.419444 0.029687 0.061111
0 0.288281 0.366667 0.029687 0.050000
0 0.251563 0.351389 0.018750 0.052778
0 0.274219 0.316667 0.023438 0.038889
0 0.257812 0.272222 0.025000 0.038889
0 0.271094 0.237500 0.026562 0.047222
0 0.317969 0.216667 0.045312 0.072222
0 0.327344 0.280556 0.020313 0.033333
0 0.398438 0.268056 0.034375 0.041667
0 0.672656 0.273611 0.048438 0.025000
