0 0.463281 0.711111 0.185938 0.216667
0 0.414844 0.673611 0.060937 0.069444
0 0.491406 0.609722 0.064062 0.058333
0 0.076563 0.837500 0.090625 0.075000
0 0.119531 0.551389 0.032813 0.058333
0 0.102344 0.455556 0.035937 0.066667
0 0.281250 0.352778 0.068750 0.083333
0 0.443750 0.425000 0.037500 0.044444
0 0.413281 0.443056 0.048438 0.052778
0 0.359375 0.448611 0.037500 0.047222
0 0.354687 0.394444 0.050000 0.050000
0 0.307812 0.425000 0.040625 0.044444
0 0.260937 0.404167 0.043750 0.036111
0 0.214062 0.372222 0.034375 0.038889
0 0.217969 0.344444 0.032813 0.027778
0 0.185938 0.337500 0.025000 0.030556
0 0.100000 0.341667 0.034375 0.033333
0 0.171094 0.355556 0.020313 0.027778
0 0.143750 0.338889 0.025000 0.027778
0 0.136719 0.288889 0.029687 0.022222
0 0.103125 0.308333 0.034375 0.033333
0 0.750781 0.348611 0.042188 0.025000
0 0.939844 0.500000 0.064062 0.027778
0 0.941406 0.531944 0.057813 0.041667
0 0.845313 0.490278 0.062500 0.030556
0 0.965625 0.301389 0.031250 0.030556
0 0.983594 0.244444 0.032813 0.044444
0 0.988281 0.351389 0.017188 0.036111
0 0.787500 0.359722 0.043750 0.047222
0 0.780469 0.316667 0.035937 0.033333
0 0.846094 0.350000 0.035937 0.033333
0 0.877344 0.334722 0.045312 0.030556
0 0.900781 0.298611 0.035937 0.019444
0 0.839844 0.295833 0.045312 0.025000
0 0.025000 0.220833 0.046875 0.052778
