0 0.035156 0.975000 0.064062 0.050000
0 0.142969 0.956944 0.104688 0.080556
0 0.155469 0.845833 0.085938 0.119444
0 0.222656 0.854167 0.085938 0.130556
0 0.283594 0.904167 0.079687 0.113889
0 0.356250 0.938889 0.078125 0.100000
0 0.294531 0.990278 0.045312 0.019444
0 0.203906 0.988889 0.048438 0.022222
0 0.555469 0.956944 0.048438 0.086111
0 0.476562 0.913889 0.071875 0.094444
0 0.544531 0.773611 0.048438 0.075000
0 0.625781 0.693056 0.035937 0.080556
0 0.586719 0.631944 0.045312 0.080556
0 0.632031 0.516667 0.035937 0.088889
0 0.669531 0.616667 0.042188 0.061111
0 0.695312 0.436111 0.025000 0.088889
0 0.655469 0.437500 0.026562 0.036111
0 0.392188 0.823611 0.071875 0.102778
0 0.341406 0.812500 0.076563 0.102778
0 0.310937 0.740278 0.062500 0.091667
0 0.266406 0.722222 0.070312 0.077778
0 0.444531 0.727778 0.051562 0.077778
0 0.384375 0.712500 0.068750 0.091667
0 0.357031 0.669444 0.054688 0.077778
0 0.395313 0.608333 0.043750 0.072222
0 0.433594 0.641667 0.045312 0.072222
0 0.471875 0.659722 0.046875 0.069444
0 0.512500 0.601389 0.037500 0.058333
0 0.452344 0.591667 0.039062 0.050000
0 0.418750 0.554167 0.040625 0.047222
0 0.456250 0.522222 0.040625 0.044444
0 0.485156 0.548611 0.039062 0.058333
0 0.543750 0.552778 0.037500 0.055556
0 0.574219 0.527778 0.035937 0.055556
0 0.553125 0.473611 0.025000 0.041667
0 0.500000 0.505556 0.025000 0.055556
0 0.470313 0.479167 0.025000 0.058333
0 0.524219 0.462500 0.032813 0.047222
0 0.499219 0.447222 0.029687 0.038889
0 0.582031 0.379167 0.042188 0.069444
0 0.517188 0.406944 0.028125 0.036111
0 0.535156 0.362500 0.020313 0.030556
0 0.543750 0.412500 0.025000 0.025000
0 0.617188 0.320833 0.025000 0.030556
