0 0.701562 0.881944 0.065625 0.086111
0 0.664062 0.941667 0.084375 0.100000
0 0.592969 0.816667 0.064062 0.088889
0 0.622656 0.752778 0.067187 0.072222
0 0.550000 0.720833 0.059375 0.069444
0 0.573438 0.662500 0.053125 0.058333
0 0.541406 0.595833 0.045312 0.041667
0 0.496875 0.622222 0.040625 0.072222
0 0.440625 0.623611 0.050000 0.052778
0 0.232813 0.266667 0.009375 0.044444
0 0.256250 0.262500 0.015625 0.030556
0 0.280469 0.258333 0.020313 0.050000
0 0.683594 0.283333 0.048438 0.033333
0 0.268750 0.345833 0.043750 0.025000
0 0.307812 0.229167 0.015625 0.030556
0 0.286719 0.156944 0.029687 0.041667
0 0.253125 0.109722 0.028125 0.041667
0 0.225781 0.172222 0.020313 0.055556
0 0.517969 0.473611 0.020313 0.063889
