0 0.657813 0.951389 0.084375 0.097222
0 0.671875 0.848611 0.081250 0.097222
0 0.459375 0.836111 0.056250 0.094444
0 0.517188 0.655556 0.046875 0.077778
0 0.474219 0.695833 0.039062 0.058333
0 0.399219 0.662500 0.042188 0.086111
0 0.427344 0.587500 0.045312 0.063889
0 0.458594 0.513889 0.039062 0.055556
0 0.215625 0.597222 0.065625 0.061111
0 0.344531 0.575000 0.048438 0.061111
0 0.372656 0.469444 0.029687 0.044444
0 0.414844 0.441667 0.039062 0.038889
0 0.686719 0.281944 0.045312 0.036111
0 0.367188 0.350000 0.031250 0.033333
0 0.275000 0.337500 0.025000 0.058333
0 0.246094 0.238889 0.032813 0.083333
0 0.271094 0.231944 0.020313 0.041667
0 0.291406 0.277778 0.014063 0.038889
0 0.341406 0.309722 0.029687 0.025000
0 0.319531 0.266667 0.023438 0.038889
0 0.328125 0.248611 0.025000 0.030556
