0 0.643750 0.911111 0.078125 0.122222
0 0.560156 0.904167 0.067187 0.108333
0 0.575000 0.773611 0.062500 0.086111
0 0.515625 0.790278 0.062500 0.102778
0 0.527344 0.681944 0.045312 0.063889
0 0.540625 0.615278 0.046875 0.052778
0 0.487500 0.601389 0.059375 0.069444
0 0.443750 0.622222 0.037500 0.072222
0 0.481250 0.694444 0.046875 0.061111
0 0.132812 0.413889 0.046875 0.033333
0 0.181250 0.426389 0.056250 0.036111
0 0.154688 0.381944 0.053125 0.041667
0 0.132812 0.333333 0.059375 0.050000
0 0.386719 0.397222 0.076563 0.077778
0 0.295312 0.372222 0.050000 0.038889
0 0.389062 0.340278 0.046875 0.036111
0 0.523438 0.337500 0.043750 0.030556
0 0.541406 0.280556 0.042188 0.033333
0 0.694531 0.268056 0.042188 0.030556
0 0.178906 0.302778 0.032813 0.033333
0 0.242188 0.230556 0.021875 0.027778
0 0.271094 0.226389 0.017188 0.036111
