0 0.291406 0.783333 0.095312 0.083333
0 0.459375 0.630556 0.156250 0.172222
0 0.079687 0.661111 0.034375 0.077778
0 0.096875 0.443056 0.028125 0.041667
0 0.201563 0.325000 0.034375 0.033333
0 0.339062 0.284722 0.034375 0.030556
0 0.507031 0.273611 0.039062 0.036111
0 0.336719 0.429167 0.039062 0.047222
0 0.350781 0.408333 0.039062 0.044444
0 0.474219 0.468056 0.029687 0.047222
0 0.510156 0.515278 0.032813 0.058333
0 0.564844 0.511111 0.051562 0.050000
0 0.571875 0.465278 0.046875 0.047222
0 0.626563 0.470833 0.050000 0.052778
0 0.599219 0.395833 0.104688 0.086111
0 0.517188 0.427778 0.028125 0.038889
0 0.696094 0.351389 0.092188 0.086111
0 0.689844 0.423611 0.039062 0.047222
0 0.676562 0.405556 0.040625 0.044444
0 0.742969 0.397222 0.042188 0.033333
0 0.805469 0.409722 0.048438 0.052778
0 0.818750 0.470833 0.040625 0.036111
0 0.760156 0.480556 0.032813 0.055556
0 0.952344 0.636111 0.070312 0.083333
0 0.689844 0.829167 0.089063 0.086111
0 0.855469 0.376389 0.035937 0.036111
0 0.968750 0.291667 0.062500 0.050000
0 0.910156 0.337500 0.032813 0.036111
0 0.922656 0.305556 0.029687 0.033333
0 0.865625 0.316667 0.034375 0.022222
0 0.819531 0.351389 0.029687 0.052778
0 0.789844 0.319444 0.039062 0.022222
0 0.785156 0.355556 0.048438 0.027778
