0 0.531250 0.587500 0.096875 0.080556
0 0.714063 0.831944 0.078125 0.147222
0 0.425781 0.772222 0.057813 0.138889
0 0.151562 0.602778 0.046875 0.027778
0 0.128906 0.583333 0.035937 0.044444
0 0.185938 0.577778 0.037500 0.027778
0 0.180469 0.552778 0.035937 0.027778
0 0.249219 0.668056 0.042188 0.041667
0 0.254688 0.629167 0.043750 0.025000
0 0.236719 0.581944 0.032813 0.030556
0 0.236719 0.555556 0.048438 0.022222
0 0.302344 0.509722 0.035937 0.036111
0 0.415625 0.466667 0.050000 0.100000
0 0.478125 0.640278 0.034375 0.036111
0 0.528906 0.766667 0.054688 0.127778
0 0.461719 0.912500 0.035937 0.075000
0 0.496094 0.919444 0.029687 0.050000
0 0.506250 0.877778 0.037500 0.044444
0 0.573438 0.737500 0.031250 0.052778
0 0.589844 0.797222 0.029687 0.044444
0 0.621875 0.861111 0.043750 0.055556
0 0.648438 0.922222 0.037500 0.055556
0 0.752344 0.973611 0.045312 0.052778
0 0.706250 0.972222 0.046875 0.055556
0 0.669531 0.981944 0.029687 0.036111
0 0.794531 0.975000 0.032813 0.050000
0 0.900000 0.865278 0.037500 0.041667
0 0.893750 0.825000 0.040625 0.038889
0 0.847656 0.763889 0.039062 0.050000
0 0.832812 0.713889 0.034375 0.027778
0 0.700781 0.729167 0.017188 0.063889
0 0.628906 0.734722 0.014063 0.058333
0 0.652344 0.730556 0.029687 0.033333
0 0.653125 0.791667 0.021875 0.050000
0 0.625000 0.793056 0.021875 0.030556
0 0.660156 0.547222 0.051562 0.038889
0 0.708594 0.644444 0.032813 0.044444
0 0.730469 0.601389 0.032813 0.025000
0 0.497656 0.518056 0.079687 0.080556
0 0.413281 0.334722 0.026562 0.030556
0 0.777344 0.609722 0.032813 0.036111
0 0.764062 0.576389 0.043750 0.030556
0 0.846875 0.593056 0.034375 0.025000
0 0.568750 0.447222 0.034375 0.033333
0 0.388281 0.248611 0.023438 0.030556
0 0.375000 0.397222 0.018750 0.033333
0 0.485156 0.394444 0.032813 0.033333
0 0.461719 0.366667 0.026562 0.033333
