0 0.746875 0.966667 0.084375 0.066667
0 0.650781 0.926389 0.076563 0.113889
0 0.675000 0.843056 0.062500 0.113889
0 0.535156 0.831944 0.067187 0.113889
0 0.577344 0.791667 0.060937 0.083333
0 0.614062 0.754167 0.062500 0.069444
0 0.482812 0.712500 0.056250 0.075000
0 0.535156 0.694444 0.045312 0.072222
0 0.567969 0.662500 0.054688 0.063889
0 0.537500 0.591667 0.037500 0.050000
0 0.494531 0.598611 0.039062 0.063889
0 0.446094 0.620833 0.039062 0.063889
0 0.236719 0.308333 0.010937 0.038889
0 0.275000 0.244444 0.018750 0.033333
0 0.661719 0.276389 0.042188 0.041667
0 0.345313 0.230556 0.037500 0.022222
0 0.311719 0.241667 0.026562 0.038889
0 0.257812 0.266667 0.025000 0.033333
0 0.230469 0.265278 0.020313 0.041667
