0 0.401562 0.727778 0.103125 0.177778
0 0.296875 0.922222 0.059375 0.077778
0 0.325781 0.965278 0.057813 0.063889
0 0.189844 0.554167 0.110937 0.063889
0 0.329688 0.465278 0.040625 0.030556
0 0.300000 0.487500 0.050000 0.036111
0 0.285156 0.508333 0.045312 0.038889
0 0.253125 0.520833 0.043750 0.019444
0 0.245312 0.552778 0.043750 0.038889
0 0.195312 0.504167 0.037500 0.030556
0 0.190625 0.470833 0.043750 0.036111
0 0.240625 0.494444 0.043750 0.027778
0 0.282031 0.459722 0.048438 0.025000
0 0.230469 0.434722 0.045312 0.041667
0 0.105469 0.504167 0.051562 0.036111
0 0.021875 0.450000 0.037500 0.044444
0 0.402344 0.452778 0.039062 0.027778
0 0.459375 0.570833 0.034375 0.063889
0 0.521094 0.588889 0.032813 0.055556
0 0.567187 0.505556 0.031250 0.050000
0 0.578906 0.537500 0.035937 0.058333
0 0.598437 0.562500 0.031250 0.058333
0 0.631250 0.620833 0.093750 0.147222
0 0.744531 0.631944 0.060937 0.025000
0 0.809375 0.662500 0.053125 0.030556
0 0.808594 0.623611 0.057813 0.030556
0 0.814844 0.604167 0.054688 0.030556
0 0.810156 0.572222 0.054688 0.027778
0 0.741406 0.601389 0.054688 0.030556
0 0.746875 0.579167 0.050000 0.025000
0 0.750781 0.551389 0.048438 0.030556
0 0.875000 0.622222 0.040625 0.038889
0 0.881250 0.591667 0.053125 0.033333
0 0.960156 0.670833 0.079687 0.058333
0 0.959375 0.604167 0.081250 0.069444
0 0.724219 0.340278 0.048438 0.091667
0 0.628125 0.463889 0.028125 0.044444
0 0.617969 0.420833 0.029687 0.041667
0 0.674219 0.375000 0.023438 0.038889
0 0.660937 0.344444 0.028125 0.033333
0 0.558594 0.362500 0.032813 0.036111
0 0.571875 0.377778 0.031250 0.038889
0 0.601562 0.384722 0.021875 0.047222
0 0.699219 0.148611 0.048438 0.052778
0 0.626563 0.352778 0.021875 0.033333
0 0.643750 0.318056 0.021875 0.036111
0 0.664062 0.288889 0.025000 0.027778
0 0.678125 0.263889 0.018750 0.027778
0 0.692969 0.240278 0.017188 0.025000
0 0.735938 0.248611 0.025000 0.030556
0 0.795312 0.168056 0.037500 0.052778
0 0.763281 0.204167 0.023438 0.030556
0 0.768750 0.243056 0.018750 0.030556
0 0.745313 0.150000 0.025000 0.027778
