0 0.732031 0.969444 0.070312 0.061111
0 0.546875 0.854167 0.075000 0.108333
0 0.434375 0.773611 0.075000 0.169444
0 0.472656 0.694444 0.048438 0.077778
0 0.431250 0.598611 0.040625 0.063889
0 0.328125 0.606944 0.037500 0.075000
0 0.454688 0.481944 0.081250 0.147222
0 0.391406 0.486111 0.070312 0.150000
0 0.325000 0.494444 0.037500 0.072222
0 0.279687 0.422222 0.025000 0.050000
0 0.396094 0.344444 0.032813 0.044444
0 0.360938 0.293056 0.028125 0.030556
0 0.671875 0.269444 0.037500 0.033333
0 0.689844 0.288889 0.045312 0.038889
0 0.329688 0.277778 0.021875 0.038889
0 0.277344 0.247222 0.020313 0.033333
0 0.242188 0.165278 0.034375 0.069444
0 0.199219 0.270833 0.020313 0.036111
0 0.100781 0.334722 0.032813 0.041667
