0 0.660156 0.886111 0.107813 0.183333
0 0.593750 0.926389 0.075000 0.130556
0 0.496094 0.712500 0.120313 0.236111
0 0.426563 0.809722 0.071875 0.141667
0 0.178125 0.548611 0.062500 0.058333
0 0.392969 0.480556 0.085938 0.138889
0 0.100781 0.372222 0.032813 0.038889
0 0.131250 0.327778 0.040625 0.038889
0 0.392188 0.352778 0.034375 0.038889
0 0.380469 0.315278 0.029687 0.025000
0 0.351562 0.273611 0.040625 0.052778
0 0.669531 0.280556 0.045312 0.022222
0 0.280469 0.252778 0.029687 0.038889
0 0.264844 0.194444 0.032813 0.050000
0 0.288281 0.215278 0.026562 0.036111
0 0.218750 0.198611 0.018750 0.030556
