0 0.528906 0.763889 0.026562 0.038889
0 0.551562 0.827778 0.028125 0.050000
0 0.568750 0.879167 0.028125 0.052778
0 0.620313 0.931944 0.028125 0.052778
0 0.592969 0.863889 0.026562 0.044444
0 0.575000 0.797222 0.028125 0.044444
0 0.554688 0.752778 0.025000 0.038889
0 0.582812 0.755556 0.028125 0.033333
0 0.610938 0.825000 0.028125 0.038889
0 0.635156 0.873611 0.032813 0.047222
0 0.669531 0.958333 0.035937 0.050000
0 0.685156 0.929167 0.029687 0.047222
0 0.661719 0.869444 0.029687 0.038889
0 0.625781 0.791667 0.035937 0.050000
0 0.601562 0.741667 0.031250 0.044444
0 0.621875 0.733333 0.028125 0.044444
0 0.648438 0.720833 0.021875 0.041667
0 0.698438 0.863889 0.053125 0.111111
0 0.652344 0.797222 0.026562 0.044444
0 0.739844 0.963889 0.032813 0.050000
0 0.717187 0.987500 0.028125 0.025000
0 0.739844 0.877778 0.110937 0.222222
0 0.909375 0.881944 0.043750 0.025000
0 0.898438 0.858333 0.037500 0.027778
0 0.885938 0.826389 0.031250 0.041667
0 0.873437 0.808333 0.034375 0.044444
0 0.861719 0.783333 0.032813 0.044444
0 0.852344 0.761111 0.045312 0.038889
0 0.840625 0.741667 0.037500 0.033333
0 0.831250 0.716667 0.028125 0.038889
0 0.789844 0.566667 0.089063 0.038889
0 0.740625 0.609722 0.040625 0.025000
0 0.679688 0.606944 0.040625 0.030556
0 0.618750 0.627778 0.037500 0.050000
0 0.248438 0.555556 0.043750 0.027778
0 0.171875 0.570833 0.043750 0.036111
0 0.466406 0.388889 0.023438 0.094444
0 0.578125 0.440278 0.034375 0.030556
0 0.441406 0.402778 0.014063 0.038889
0 0.425000 0.391667 0.015625 0.016667
0 0.568750 0.626389 0.037500 0.019444
0 0.378906 0.252778 0.020313 0.016667
0 0.304688 0.176389 0.012500 0.019444
