0 0.118750 0.948611 0.096875 0.086111
0 0.764844 0.877778 0.110937 0.105556
0 0.834375 0.637500 0.065625 0.086111
0 0.896875 0.534722 0.068750 0.052778
0 0.444531 0.661111 0.070312 0.066667
0 0.413281 0.477778 0.045312 0.050000
0 0.430469 0.436111 0.054688 0.050000
0 0.053125 0.691667 0.050000 0.083333
0 0.035937 0.258333 0.034375 0.033333
0 0.060156 0.229167 0.029687 0.030556
0 0.099219 0.295833 0.029687 0.030556
0 0.139063 0.300000 0.025000 0.027778
0 0.168750 0.350000 0.037500 0.033333
0 0.282031 0.379167 0.039062 0.036111
0 0.223438 0.263889 0.040625 0.033333
0 0.357031 0.323611 0.039062 0.036111
0 0.446094 0.351389 0.082812 0.102778
0 0.546094 0.420833 0.057813 0.052778
0 0.572656 0.400000 0.051562 0.044444
0 0.673438 0.550000 0.059375 0.072222
0 0.817969 0.494444 0.064062 0.050000
0 0.731250 0.483333 0.056250 0.050000
0 0.758594 0.431944 0.064062 0.052778
0 0.948438 0.418056 0.043750 0.036111
0 0.982812 0.381944 0.034375 0.069444
0 0.949219 0.375000 0.026562 0.027778
0 0.774219 0.309722 0.085938 0.063889
0 0.858594 0.283333 0.073438 0.055556
0 0.831250 0.390278 0.034375 0.041667
0 0.803906 0.372222 0.032813 0.038889
0 0.778125 0.354167 0.034375 0.041667
0 0.841406 0.351389 0.032813 0.036111
0 0.880469 0.326389 0.032813 0.036111
0 0.899219 0.356944 0.039062 0.025000
0 0.906250 0.311111 0.031250 0.022222
0 0.935937 0.315278 0.028125 0.036111
