0 0.521094 0.456944 0.073438 0.080556
0 0.337500 0.618056 0.043750 0.019444
0 0.321094 0.488889 0.039062 0.022222
0 0.259375 0.676389 0.043750 0.041667
0 0.196875 0.670833 0.037500 0.030556
0 0.241406 0.638889 0.054688 0.038889
0 0.171094 0.598611 0.035937 0.025000
0 0.214844 0.602778 0.039062 0.027778
0 0.267188 0.584722 0.037500 0.025000
0 0.304688 0.550000 0.043750 0.038889
0 0.286719 0.531944 0.039062 0.025000
0 0.203906 0.569444 0.039062 0.033333
0 0.693750 0.802778 0.081250 0.144444
0 0.902344 0.861111 0.032813 0.050000
0 0.891406 0.834722 0.035937 0.047222
0 0.860938 0.793056 0.025000 0.047222
0 0.856250 0.763889 0.043750 0.050000
0 0.829688 0.720833 0.031250 0.041667
0 0.746094 0.569444 0.042188 0.033333
0 0.740625 0.605556 0.040625 0.027778
0 0.645312 0.527778 0.025000 0.027778
0 0.578125 0.445833 0.031250 0.036111
0 0.549219 0.698611 0.026562 0.052778
0 0.775781 0.977778 0.039062 0.038889
0 0.517188 0.756944 0.031250 0.041667
0 0.587500 0.711111 0.025000 0.050000
0 0.629687 0.736111 0.028125 0.038889
0 0.579688 0.755556 0.028125 0.055556
0 0.553906 0.768056 0.026562 0.052778
0 0.610156 0.763889 0.029687 0.044444
0 0.651563 0.790278 0.031250 0.047222
0 0.636719 0.825000 0.032813 0.038889
0 0.608594 0.820833 0.032813 0.058333
0 0.582812 0.831944 0.037500 0.047222
0 0.610938 0.894444 0.034375 0.055556
0 0.629687 0.883333 0.046875 0.044444
0 0.667188 0.886111 0.031250 0.050000
0 0.709375 0.911111 0.034375 0.055556
0 0.672656 0.954167 0.042188 0.069444
0 0.630469 0.955556 0.029687 0.055556
0 0.264062 0.340278 0.028125 0.047222
0 0.285938 0.343056 0.028125 0.058333
