0 0.034375 0.861111 0.065625 0.105556
0 0.078125 0.876389 0.084375 0.102778
0 0.214844 0.762500 0.079687 0.097222
0 0.270313 0.615278 0.171875 0.186111
0 0.343750 0.663889 0.071875 0.077778
0 0.164844 0.479167 0.054688 0.125000
0 0.421875 0.598611 0.062500 0.069444
0 0.429688 0.559722 0.050000 0.047222
0 0.390625 0.526389 0.046875 0.047222
0 0.495312 0.554167 0.059375 0.047222
0 0.953125 0.611111 0.071875 0.066667
0 0.702344 0.609722 0.057813 0.063889
0 0.798438 0.480556 0.034375 0.050000
0 0.801562 0.413889 0.037500 0.050000
0 0.860938 0.366667 0.043750 0.038889
0 0.764062 0.345833 0.046875 0.030556
0 0.725000 0.309722 0.043750 0.041667
0 0.608594 0.302778 0.051562 0.038889
0 0.455469 0.301389 0.051562 0.041667
0 0.128906 0.259722 0.032813 0.030556
0 0.073438 0.241667 0.037500 0.033333
0 0.012500 0.286111 0.021875 0.027778
0 0.010156 0.233333 0.017188 0.027778
0 0.267188 0.306944 0.043750 0.036111
0 0.256250 0.363889 0.034375 0.033333
0 0.282813 0.412500 0.037500 0.036111
0 0.321094 0.433333 0.048438 0.050000
0 0.346875 0.405556 0.040625 0.038889
0 0.375000 0.391667 0.046875 0.044444
0 0.325781 0.370833 0.042188 0.041667
0 0.298438 0.387500 0.040625 0.047222
0 0.480469 0.473611 0.054688 0.047222
0 0.497656 0.497222 0.054688 0.044444
0 0.557813 0.520833 0.065625 0.047222
0 0.642969 0.476389 0.114062 0.136111
0 0.739062 0.390278 0.046875 0.036111
0 0.714844 0.373611 0.051562 0.025000
0 0.628906 0.413889 0.042188 0.050000
0 0.633594 0.388889 0.029687 0.033333
0 0.566406 0.463889 0.051562 0.050000
0 0.531250 0.430556 0.046875 0.050000
