0 0.646094 0.927778 0.085938 0.116667
0 0.746094 0.963889 0.076563 0.072222
0 0.673438 0.844444 0.075000 0.094444
0 0.613281 0.747222 0.064062 0.072222
0 0.574219 0.788889 0.060937 0.077778
0 0.537500 0.697222 0.040625 0.061111
0 0.570312 0.662500 0.056250 0.063889
0 0.486719 0.712500 0.057813 0.075000
0 0.443750 0.625000 0.046875 0.077778
0 0.493750 0.600000 0.053125 0.066667
0 0.537500 0.593056 0.046875 0.063889
0 0.447656 0.369444 0.057813 0.055556
0 0.663281 0.270833 0.039062 0.036111
0 0.564844 0.272222 0.042188 0.033333
0 0.364844 0.276389 0.029687 0.075000
0 0.264844 0.373611 0.045312 0.041667
0 0.289062 0.336111 0.037500 0.027778
0 0.275781 0.238889 0.010937 0.038889
0 0.253125 0.261111 0.021875 0.033333
0 0.323437 0.280556 0.028125 0.033333
0 0.318750 0.248611 0.021875 0.030556
0 0.249219 0.236111 0.014063 0.027778
0 0.239063 0.208333 0.018750 0.027778
