0 0.507031 0.637500 0.054688 0.080556
0 0.532813 0.595833 0.043750 0.047222
0 0.446875 0.640278 0.059375 0.091667
0 0.123438 0.377778 0.056250 0.038889
0 0.215625 0.384722 0.059375 0.036111
0 0.264062 0.352778 0.037500 0.038889
0 0.307031 0.363889 0.051562 0.033333
0 0.512500 0.366667 0.050000 0.038889
0 0.490625 0.311111 0.103125 0.083333
0 0.627344 0.291667 0.045312 0.044444
0 0.147656 0.313889 0.032813 0.033333
0 0.234375 0.263889 0.021875 0.027778
0 0.278125 0.244444 0.015625 0.033333
0 0.191406 0.277778 0.026562 0.038889
0 0.217188 0.241667 0.021875 0.033333
