0 0.926562 0.851389 0.146875 0.236111
0 0.593750 0.612500 0.168750 0.158333
0 0.548438 0.731944 0.062500 0.047222
0 0.503906 0.709722 0.070312 0.058333
0 0.417187 0.687500 0.062500 0.047222
0 0.604688 0.529167 0.068750 0.052778
0 0.795312 0.620833 0.068750 0.069444
0 0.983594 0.659722 0.032813 0.047222
0 0.971094 0.552778 0.057813 0.055556
0 0.946094 0.458333 0.107813 0.094444
0 0.122656 0.540278 0.032813 0.158333
0 0.064062 0.355556 0.046875 0.077778
0 0.025000 0.265278 0.021875 0.019444
0 0.279687 0.381944 0.034375 0.041667
0 0.429688 0.458333 0.056250 0.055556
0 0.427344 0.416667 0.045312 0.044444
0 0.451562 0.362500 0.034375 0.036111
0 0.491406 0.359722 0.035937 0.030556
0 0.363281 0.341667 0.032813 0.027778
0 0.393750 0.320833 0.031250 0.025000
0 0.326562 0.312500 0.028125 0.025000
0 0.292187 0.273611 0.046875 0.047222
0 0.289062 0.315278 0.031250 0.019444
0 0.246094 0.294444 0.035937 0.022222
0 0.215625 0.380556 0.031250 0.038889
0 0.194531 0.340278 0.023438 0.019444
0 0.185156 0.256944 0.032813 0.025000
0 0.157812 0.308333 0.028125 0.033333
0 0.119531 0.313889 0.026562 0.033333
0 0.071875 0.287500 0.025000 0.025000
0 0.121094 0.268056 0.029687 0.025000
0 0.067187 0.254167 0.025000 0.030556
0 0.121094 0.236111 0.023438 0.027778
0 0.075000 0.240278 0.025000 0.019444
0 0.547656 0.427778 0.039062 0.044444
0 0.595313 0.409722 0.034375 0.041667
0 0.636719 0.402778 0.035937 0.050000
0 0.732812 0.540278 0.056250 0.063889
0 0.739062 0.452778 0.056250 0.044444
0 0.797656 0.440278 0.051562 0.047222
0 0.821094 0.412500 0.045312 0.019444
0 0.951562 0.304167 0.068750 0.069444
0 0.832812 0.290278 0.068750 0.058333
0 0.779687 0.355556 0.037500 0.033333
0 0.754687 0.347222 0.025000 0.033333
0 0.807813 0.375000 0.031250 0.027778
0 0.841406 0.375000 0.042188 0.022222
0 0.839063 0.344444 0.037500 0.033333
0 0.818750 0.333333 0.028125 0.027778
