0 0.460156 0.581944 0.117188 0.102778
0 0.264844 0.983333 0.054688 0.033333
0 0.310937 0.987500 0.031250 0.025000
0 0.303906 0.908333 0.048438 0.066667
0 0.355469 0.909722 0.048438 0.075000
0 0.388281 0.925000 0.054688 0.077778
0 0.425781 0.952778 0.054688 0.072222
0 0.455469 0.984722 0.048438 0.030556
0 0.491406 0.915278 0.039062 0.075000
0 0.465625 0.868056 0.050000 0.075000
0 0.432812 0.847222 0.053125 0.061111
0 0.396875 0.834722 0.050000 0.058333
0 0.356250 0.827778 0.050000 0.072222
0 0.403906 0.738889 0.042188 0.061111
0 0.435937 0.754167 0.043750 0.063889
0 0.465625 0.773611 0.037500 0.047222
0 0.513281 0.787500 0.048438 0.063889
0 0.532031 0.831944 0.054688 0.069444
0 0.320312 0.761111 0.056250 0.072222
0 0.400781 0.544444 0.098437 0.088889
0 0.604688 0.487500 0.112500 0.086111
0 0.696875 0.386111 0.059375 0.100000
0 0.742969 0.548611 0.048438 0.036111
0 0.643750 0.608333 0.043750 0.050000
0 0.626563 0.566667 0.059375 0.044444
0 0.507812 0.494444 0.040625 0.050000
0 0.267188 0.529167 0.043750 0.041667
0 0.216406 0.537500 0.060937 0.030556
0 0.234375 0.443056 0.043750 0.036111
0 0.080469 0.466667 0.035937 0.033333
0 0.057813 0.431944 0.043750 0.036111
0 0.279687 0.504167 0.040625 0.030556
0 0.511719 0.356944 0.035937 0.036111
0 0.530469 0.369444 0.032813 0.044444
0 0.553125 0.372222 0.028125 0.038889
0 0.584375 0.373611 0.028125 0.041667
0 0.606250 0.387500 0.028125 0.036111
0 0.624219 0.350000 0.029687 0.027778
0 0.647656 0.312500 0.023438 0.025000
0 0.761719 0.245833 0.045312 0.069444
0 0.666406 0.284722 0.023438 0.030556
0 0.578125 0.344444 0.031250 0.033333
0 0.536719 0.323611 0.029687 0.025000
0 0.558594 0.286111 0.029687 0.027778
0 0.578906 0.259722 0.023438 0.025000
0 0.635156 0.250000 0.023438 0.038889
