0 0.983594 0.752778 0.020313 0.055556
0 0.956250 0.754167 0.034375 0.063889
0 0.639844 0.954167 0.076563 0.091667
0 0.342187 0.979167 0.203125 0.041667
0 0.256250 0.950000 0.078125 0.050000
0 0.117969 0.943056 0.142187 0.063889
0 0.406250 0.794444 0.034375 0.083333
0 0.428125 0.684722 0.025000 0.063889
0 0.464844 0.684722 0.020313 0.063889
0 0.506250 0.694444 0.028125 0.061111
0 0.507031 0.630556 0.020313 0.044444
0 0.545312 0.531944 0.018750 0.041667
0 0.478125 0.611111 0.015625 0.050000
0 0.452344 0.566667 0.020313 0.050000
