0 0.573438 0.677778 0.046875 0.077778
0 0.535937 0.698611 0.050000 0.075000
0 0.483594 0.713889 0.054688 0.077778
0 0.453125 0.626389 0.050000 0.080556
0 0.494531 0.604167 0.042188 0.058333
0 0.535937 0.595833 0.046875 0.058333
0 0.587500 0.591667 0.037500 0.066667
0 0.682031 0.266667 0.048438 0.033333
0 0.540625 0.340278 0.043750 0.052778
0 0.468750 0.350000 0.050000 0.044444
0 0.317188 0.312500 0.028125 0.047222
0 0.250000 0.261111 0.018750 0.033333
0 0.243750 0.236111 0.015625 0.033333
0 0.277344 0.252778 0.023438 0.033333
0 0.266406 0.218056 0.014063 0.047222
0 0.291406 0.231944 0.020313 0.025000
0 0.324219 0.248611 0.020313 0.041667
0 0.280469 0.188889 0.017188 0.022222
