0 0.443750 0.781944 0.121875 0.252778
0 0.505469 0.769444 0.054688 0.083333
0 0.621875 0.751389 0.059375 0.063889
0 0.535937 0.712500 0.056250 0.075000
0 0.537500 0.595833 0.053125 0.058333
0 0.453125 0.644444 0.053125 0.100000
0 0.402344 0.526389 0.035937 0.041667
0 0.385156 0.623611 0.032813 0.069444
0 0.335938 0.441667 0.059375 0.050000
0 0.219531 0.387500 0.051562 0.041667
0 0.320312 0.330556 0.037500 0.044444
0 0.494531 0.281944 0.048438 0.047222
0 0.687500 0.281944 0.046875 0.036111
0 0.296875 0.293056 0.025000 0.030556
0 0.283594 0.266667 0.017188 0.027778
0 0.328125 0.231944 0.025000 0.036111
0 0.294531 0.213889 0.026562 0.027778
0 0.273438 0.179167 0.021875 0.019444
0 0.265625 0.144444 0.015625 0.027778
