0 0.130469 0.891667 0.217188 0.205556
0 0.331250 0.958333 0.075000 0.072222
0 0.321875 0.845833 0.075000 0.091667
0 0.303906 0.755556 0.064062 0.072222
0 0.267969 0.706944 0.076563 0.069444
0 0.418750 0.804167 0.071875 0.086111
0 0.551562 0.748611 0.050000 0.069444
0 0.481250 0.670833 0.053125 0.091667
0 0.415625 0.655556 0.056250 0.061111
0 0.407813 0.593056 0.056250 0.063889
0 0.439063 0.480556 0.046875 0.038889
0 0.509375 0.476389 0.043750 0.041667
0 0.533594 0.570833 0.029687 0.058333
0 0.639844 0.687500 0.042188 0.075000
0 0.670312 0.548611 0.037500 0.063889
0 0.636719 0.495833 0.035937 0.047222
0 0.671094 0.447222 0.035937 0.038889
0 0.701562 0.419444 0.025000 0.044444
0 0.656250 0.404167 0.025000 0.052778
0 0.561719 0.466667 0.026562 0.055556
0 0.492188 0.416667 0.028125 0.038889
0 0.509375 0.379167 0.031250 0.036111
0 0.539844 0.359722 0.026562 0.025000
0 0.559375 0.365278 0.031250 0.036111
0 0.589844 0.381944 0.026562 0.052778
0 0.587500 0.323611 0.025000 0.025000
0 0.610938 0.326389 0.028125 0.036111
0 0.550000 0.322222 0.025000 0.038889
0 0.684375 0.333333 0.018750 0.038889
0 0.632812 0.240278 0.025000 0.063889
0 0.584375 0.287500 0.025000 0.052778
