0 0.568750 0.854167 0.165625 0.286111
0 0.538281 0.602778 0.045312 0.061111
0 0.500781 0.623611 0.048438 0.069444
0 0.457813 0.637500 0.053125 0.075000
0 0.403906 0.377778 0.045312 0.038889
0 0.528906 0.333333 0.042188 0.038889
0 0.671875 0.276389 0.040625 0.030556
0 0.714063 0.263889 0.028125 0.033333
0 0.275781 0.233333 0.029687 0.066667
0 0.248438 0.258333 0.021875 0.044444
0 0.308594 0.247222 0.023438 0.027778
0 0.311719 0.212500 0.026562 0.030556
0 0.290625 0.186111 0.021875 0.027778
0 0.267188 0.169444 0.018750 0.022222
