0 0.325781 0.891667 0.207813 0.194444
0 0.465625 0.808333 0.071875 0.077778
0 0.417969 0.770833 0.064062 0.075000
0 0.489844 0.706944 0.064062 0.058333
0 0.550781 0.722222 0.051562 0.066667
0 0.435156 0.661111 0.070312 0.061111
0 0.228906 0.691667 0.048438 0.094444
0 0.036719 0.734722 0.070312 0.130556
0 0.030469 0.844444 0.057813 0.061111
0 0.010156 0.954167 0.017188 0.047222
0 0.073438 0.316667 0.046875 0.072222
0 0.500781 0.444444 0.051562 0.055556
0 0.622656 0.531944 0.064062 0.063889
0 0.891406 0.655556 0.085938 0.088889
0 0.951562 0.565278 0.078125 0.041667
0 0.974219 0.516667 0.051562 0.050000
0 0.918750 0.518056 0.065625 0.047222
0 0.982812 0.243056 0.034375 0.052778
0 0.216406 0.273611 0.064062 0.069444
0 0.025000 0.272222 0.028125 0.038889
0 0.119531 0.294444 0.026562 0.033333
0 0.164844 0.284722 0.017188 0.019444
0 0.151562 0.247222 0.021875 0.016667
0 0.135156 0.277778 0.026562 0.027778
0 0.335938 0.348611 0.034375 0.041667
0 0.339844 0.302778 0.032813 0.033333
0 0.366406 0.331944 0.029687 0.036111
0 0.448437 0.384722 0.050000 0.047222
0 0.464844 0.345833 0.042188 0.036111
0 0.645312 0.438889 0.071875 0.033333
0 0.733594 0.450000 0.045312 0.050000
0 0.825781 0.447222 0.060937 0.050000
0 0.802344 0.512500 0.054688 0.058333
0 0.636719 0.397222 0.045312 0.038889
0 0.594531 0.394444 0.048438 0.038889
0 0.755469 0.344444 0.039062 0.038889
0 0.796094 0.379167 0.035937 0.030556
0 0.834375 0.380556 0.034375 0.038889
0 0.902344 0.336111 0.048438 0.038889
0 0.875000 0.326389 0.031250 0.025000
0 0.820312 0.336111 0.031250 0.038889
0 0.985156 0.297222 0.029687 0.027778
