0 0.591406 0.963889 0.070312 0.072222
0 0.574219 0.775000 0.067187 0.088889
0 0.585156 0.704167 0.048438 0.069444
0 0.482812 0.736111 0.059375 0.088889
0 0.517969 0.669444 0.054688 0.066667
0 0.488281 0.598611 0.035937 0.052778
0 0.442188 0.631944 0.050000 0.075000
0 0.234375 0.631944 0.056250 0.063889
0 0.296094 0.441667 0.067187 0.050000
0 0.258594 0.418056 0.051562 0.036111
0 0.121094 0.397222 0.057813 0.044444
0 0.226562 0.384722 0.053125 0.047222
0 0.292187 0.352778 0.050000 0.038889
0 0.357031 0.351389 0.064062 0.052778
0 0.608594 0.272222 0.110937 0.061111
0 0.581250 0.362500 0.053125 0.058333
0 0.541406 0.359722 0.035937 0.025000
0 0.501563 0.326389 0.043750 0.047222
0 0.460156 0.326389 0.045312 0.036111
0 0.192188 0.279167 0.021875 0.047222
0 0.252344 0.252778 0.020313 0.038889
0 0.282031 0.248611 0.017188 0.036111
0 0.114062 0.483333 0.028125 0.044444
0 0.218750 0.231944 0.015625 0.041667
0 0.235156 0.212500 0.014063 0.036111
0 0.264844 0.211111 0.017188 0.033333
