0 0.381250 0.347222 0.109375 0.055556
0 0.534375 0.379167 0.100000 0.069444
0 0.784375 0.545833 0.112500 0.136111
0 0.911719 0.687500 0.123438 0.141667
0 0.934375 0.644444 0.118750 0.133333
0 0.949219 0.604167 0.101562 0.091667
0 0.860938 0.479167 0.096875 0.102778
0 0.918750 0.484722 0.100000 0.119444
0 0.965625 0.368056 0.062500 0.058333
0 0.890625 0.318056 0.087500 0.091667
0 0.953125 0.130556 0.065625 0.044444
0 0.087500 0.180556 0.009375 0.033333
0 0.283594 0.975000 0.045312 0.050000
0 0.318750 0.947222 0.056250 0.083333
0 0.542188 0.966667 0.043750 0.038889
0 0.475000 0.856944 0.106250 0.136111
0 0.487500 0.979167 0.034375 0.025000
0 0.450000 0.925000 0.056250 0.066667
0 0.415625 0.969444 0.037500 0.050000
0 0.375000 0.990278 0.025000 0.019444
0 0.396094 0.829167 0.042188 0.058333
0 0.371875 0.880556 0.046875 0.066667
0 0.275000 0.818056 0.093750 0.158333
0 0.411719 0.754167 0.042188 0.041667
0 0.317969 0.793056 0.039062 0.058333
0 0.359375 0.766667 0.043750 0.055556
0 0.378125 0.702778 0.037500 0.044444
0 0.346875 0.659722 0.034375 0.041667
0 0.324219 0.697222 0.032813 0.055556
0 0.277344 0.691667 0.029687 0.044444
0 0.232813 0.702778 0.028125 0.033333
0 0.223438 0.593056 0.037500 0.047222
0 0.125000 0.427778 0.046875 0.100000
0 0.115625 0.338889 0.050000 0.061111
0 0.318750 0.605556 0.031250 0.044444
0 0.287500 0.641667 0.043750 0.055556
0 0.260937 0.566667 0.025000 0.044444
0 0.296875 0.554167 0.031250 0.041667
0 0.268750 0.502778 0.031250 0.038889
0 0.174219 0.498611 0.020313 0.030556
0 0.165625 0.448611 0.021875 0.041667
0 0.250000 0.473611 0.031250 0.019444
0 0.223438 0.427778 0.028125 0.022222
0 0.203125 0.398611 0.021875 0.030556
0 0.170313 0.330556 0.021875 0.033333
0 0.146875 0.290278 0.018750 0.019444
0 0.284375 0.287500 0.009375 0.041667
0 0.230469 0.511111 0.023438 0.038889
