0 0.289844 0.787500 0.076563 0.080556
0 0.411719 0.720833 0.082812 0.080556
0 0.598437 0.687500 0.081250 0.075000
0 0.363281 0.711111 0.064062 0.083333
0 0.435156 0.655556 0.073438 0.077778
0 0.444531 0.575000 0.079687 0.061111
0 0.036719 0.770833 0.070312 0.197222
0 0.693750 0.497222 0.100000 0.127778
0 0.720313 0.558333 0.050000 0.061111
0 0.767969 0.504167 0.051562 0.058333
0 0.145313 0.951389 0.112500 0.091667
0 0.123438 0.555556 0.037500 0.072222
0 0.451562 0.493056 0.031250 0.047222
0 0.457031 0.437500 0.039062 0.041667
0 0.423438 0.381944 0.040625 0.047222
0 0.333594 0.431944 0.057813 0.036111
0 0.276562 0.398611 0.056250 0.036111
0 0.335156 0.333333 0.045312 0.038889
0 0.342969 0.398611 0.042188 0.036111
0 0.242188 0.341667 0.046875 0.033333
0 0.100000 0.322222 0.075000 0.066667
0 0.170313 0.352778 0.050000 0.033333
0 0.578906 0.494444 0.064062 0.066667
0 0.847656 0.495833 0.092188 0.063889
0 0.651563 0.441667 0.053125 0.044444
0 0.748437 0.412500 0.043750 0.041667
0 0.774219 0.372222 0.042188 0.038889
0 0.814063 0.402778 0.043750 0.038889
0 0.818750 0.370833 0.040625 0.036111
0 0.817187 0.348611 0.040625 0.036111
0 0.881250 0.312500 0.050000 0.036111
0 0.955469 0.311111 0.042188 0.033333
0 0.746094 0.343056 0.064062 0.058333
