0 0.257031 0.990278 0.035937 0.019444
0 0.421875 0.972222 0.050000 0.055556
0 0.391406 0.930556 0.048438 0.061111
0 0.334375 0.955556 0.053125 0.066667
0 0.295312 0.925000 0.059375 0.066667
0 0.299219 0.800000 0.064062 0.088889
0 0.348438 0.841667 0.050000 0.072222
0 0.406250 0.809722 0.046875 0.052778
0 0.390625 0.759722 0.050000 0.063889
0 0.350000 0.691667 0.050000 0.055556
0 0.484375 0.652778 0.037500 0.050000
0 0.484375 0.734722 0.037500 0.058333
0 0.510938 0.784722 0.043750 0.058333
0 0.560937 0.661111 0.040625 0.061111
0 0.565625 0.745833 0.040625 0.063889
0 0.257812 0.559722 0.043750 0.030556
0 0.210938 0.534722 0.046875 0.036111
0 0.164062 0.518056 0.040625 0.030556
0 0.122656 0.500000 0.048438 0.027778
0 0.064844 0.494444 0.054688 0.033333
0 0.098437 0.448611 0.034375 0.041667
0 0.036719 0.451389 0.060937 0.036111
0 0.151562 0.465278 0.028125 0.030556
0 0.192188 0.479167 0.040625 0.036111
0 0.219531 0.448611 0.085938 0.069444
0 0.240625 0.495833 0.031250 0.036111
0 0.269531 0.530556 0.026562 0.033333
0 0.284375 0.508333 0.046875 0.027778
0 0.307812 0.488889 0.050000 0.038889
0 0.483594 0.284722 0.045312 0.041667
0 0.167969 0.366667 0.039062 0.038889
0 0.539062 0.393056 0.040625 0.047222
0 0.608594 0.287500 0.026562 0.036111
0 0.560937 0.573611 0.037500 0.058333
0 0.617188 0.584722 0.031250 0.063889
0 0.592969 0.487500 0.032813 0.052778
0 0.632812 0.479167 0.028125 0.030556
0 0.673438 0.461111 0.028125 0.033333
0 0.621094 0.413889 0.029687 0.033333
0 0.602344 0.379167 0.023438 0.030556
0 0.625000 0.350000 0.021875 0.027778
0 0.656250 0.394444 0.031250 0.033333
0 0.700781 0.383333 0.026562 0.027778
0 0.698438 0.336111 0.025000 0.033333
0 0.730469 0.312500 0.029687 0.030556
0 0.770312 0.201389 0.025000 0.030556
0 0.713281 0.175000 0.020313 0.027778
0 0.714063 0.137500 0.018750 0.019444
0 0.758594 0.547222 0.051562 0.027778
0 0.724219 0.512500 0.029687 0.019444
0 0.735938 0.630556 0.043750 0.033333
0 0.746094 0.611111 0.051562 0.038889
0 0.851562 0.640278 0.065625 0.052778
0 0.817187 0.665278 0.050000 0.036111
0 0.894531 0.690278 0.048438 0.041667
