0 0.052344 0.965278 0.085938 0.063889
0 0.192188 0.918056 0.106250 0.119444
0 0.146875 0.866667 0.093750 0.111111
0 0.234375 0.759722 0.071875 0.080556
0 0.243750 0.934722 0.112500 0.130556
0 0.256250 0.818056 0.078125 0.086111
0 0.333594 0.798611 0.095312 0.141667
0 0.375000 0.941667 0.090625 0.105556
0 0.406250 0.836111 0.062500 0.094444
0 0.449219 0.730556 0.073438 0.105556
0 0.487500 0.654167 0.050000 0.075000
0 0.396094 0.693056 0.067187 0.075000
0 0.377344 0.643056 0.060937 0.069444
0 0.296875 0.661111 0.068750 0.083333
0 0.348438 0.601389 0.046875 0.075000
0 0.387500 0.529167 0.053125 0.052778
0 0.412500 0.586111 0.046875 0.055556
0 0.439063 0.629167 0.046875 0.069444
0 0.527344 0.600000 0.060937 0.055556
0 0.550000 0.541667 0.040625 0.050000
0 0.565625 0.505556 0.031250 0.038889
0 0.581250 0.480556 0.028125 0.038889
0 0.470313 0.580556 0.053125 0.083333
0 0.443750 0.468056 0.037500 0.052778
0 0.446094 0.529167 0.045312 0.058333
0 0.475000 0.502778 0.034375 0.038889
0 0.496875 0.540278 0.043750 0.063889
0 0.523438 0.493056 0.031250 0.047222
0 0.502344 0.465278 0.035937 0.041667
0 0.521094 0.430556 0.029687 0.033333
0 0.493750 0.423611 0.034375 0.030556
0 0.512500 0.373611 0.028125 0.041667
0 0.555469 0.454167 0.023438 0.041667
0 0.700000 0.294444 0.021875 0.038889
0 0.728125 0.283333 0.025000 0.038889
0 0.714063 0.258333 0.015625 0.027778
0 0.750000 0.230556 0.018750 0.022222
0 0.712500 0.215278 0.018750 0.025000
0 0.734375 0.213889 0.015625 0.027778
0 0.730469 0.187500 0.014063 0.030556
0 0.712500 0.193056 0.018750 0.019444
0 0.706250 0.173611 0.012500 0.019444
0 0.563281 0.386111 0.023438 0.027778
0 0.596875 0.373611 0.025000 0.030556
0 0.606250 0.306944 0.018750 0.030556
0 0.545312 0.345833 0.031250 0.030556
0 0.607031 0.268056 0.017188 0.036111
0 0.638281 0.948611 0.064062 0.102778
