0 0.550000 0.509722 0.046875 0.097222
0 0.643750 0.748611 0.068750 0.125000
0 0.540625 0.786111 0.053125 0.111111
0 0.493750 0.670833 0.050000 0.119444
0 0.232031 0.679167 0.110937 0.058333
0 0.130469 0.587500 0.039062 0.030556
0 0.185156 0.598611 0.042188 0.013889
0 0.179688 0.576389 0.037500 0.013889
0 0.168750 0.551389 0.034375 0.013889
0 0.238281 0.584722 0.035937 0.019444
0 0.229687 0.561111 0.046875 0.022222
0 0.222656 0.544444 0.042188 0.022222
0 0.490625 0.945833 0.034375 0.063889
0 0.380469 0.793056 0.020313 0.063889
0 0.453906 0.763889 0.035937 0.072222
0 0.605469 0.968056 0.042188 0.058333
0 0.573438 0.888889 0.028125 0.050000
0 0.406250 0.526389 0.031250 0.052778
0 0.376563 0.551389 0.021875 0.052778
0 0.364063 0.608333 0.025000 0.038889
0 0.331250 0.525000 0.021875 0.044444
0 0.722656 0.912500 0.079687 0.152778
0 0.689844 0.938889 0.042188 0.050000
0 0.657031 0.934722 0.039062 0.063889
0 0.630469 0.947222 0.035937 0.072222
0 0.596094 0.866667 0.035937 0.055556
0 0.615625 0.838889 0.034375 0.050000
0 0.652344 0.855556 0.035937 0.050000
0 0.707812 0.801389 0.084375 0.141667
0 0.900781 0.862500 0.045312 0.025000
0 0.886719 0.822222 0.045312 0.027778
0 0.849219 0.766667 0.045312 0.022222
0 0.832812 0.740278 0.046875 0.030556
0 0.824219 0.716667 0.042188 0.022222
0 0.803906 0.563889 0.032813 0.044444
0 0.759375 0.572222 0.034375 0.038889
0 0.710156 0.565278 0.039062 0.036111
0 0.663281 0.554167 0.023438 0.025000
0 0.653906 0.537500 0.042188 0.025000
0 0.667188 0.662500 0.018750 0.047222
0 0.541406 0.604167 0.032813 0.047222
0 0.488281 0.602778 0.026562 0.050000
0 0.503906 0.527778 0.023438 0.038889
0 0.488281 0.556944 0.023438 0.047222
0 0.501563 0.473611 0.028125 0.047222
0 0.487500 0.390278 0.043750 0.069444
0 0.476562 0.476389 0.015625 0.025000
0 0.457813 0.486111 0.021875 0.033333
0 0.450781 0.433333 0.017188 0.038889
0 0.424219 0.420833 0.023438 0.030556
0 0.417187 0.348611 0.025000 0.047222
0 0.389844 0.254167 0.026562 0.052778
0 0.709375 0.625000 0.028125 0.033333
0 0.267969 0.350000 0.026562 0.072222
0 0.350781 0.384722 0.017188 0.041667
