0 0.299219 0.791667 0.082812 0.061111
0 0.475000 0.626389 0.071875 0.080556
0 0.952344 0.756944 0.042188 0.075000
0 0.898438 0.598611 0.056250 0.058333
0 0.832812 0.484722 0.031250 0.058333
0 0.773438 0.534722 0.043750 0.036111
0 0.760938 0.495833 0.043750 0.025000
0 0.514062 0.540278 0.018750 0.058333
0 0.583594 0.500000 0.045312 0.033333
0 0.575781 0.469444 0.048438 0.033333
0 0.568750 0.447222 0.056250 0.033333
0 0.509375 0.484722 0.025000 0.047222
0 0.478906 0.390278 0.085938 0.102778
0 0.383594 0.398611 0.048438 0.036111
0 0.086719 0.322222 0.054688 0.072222
0 0.014844 0.272222 0.026562 0.038889
0 0.055469 0.275000 0.026562 0.022222
0 0.120313 0.280556 0.037500 0.038889
0 0.195312 0.315278 0.031250 0.030556
0 0.267969 0.297222 0.089063 0.077778
0 0.234375 0.359722 0.040625 0.047222
0 0.214062 0.406944 0.034375 0.036111
0 0.276562 0.426389 0.028125 0.019444
0 0.275781 0.370833 0.039062 0.030556
0 0.261719 0.390278 0.039062 0.036111
0 0.324219 0.425000 0.051562 0.027778
0 0.317188 0.393056 0.031250 0.036111
0 0.324219 0.372222 0.042188 0.027778
0 0.375000 0.416667 0.046875 0.044444
0 0.692187 0.412500 0.037500 0.052778
0 0.821875 0.408333 0.025000 0.044444
0 0.885156 0.338889 0.085938 0.066667
0 0.778906 0.305556 0.089063 0.061111
0 0.702344 0.365278 0.039062 0.025000
0 0.651563 0.419444 0.034375 0.038889
0 0.653125 0.388889 0.034375 0.050000
0 0.825000 0.354167 0.040625 0.030556
0 0.753125 0.381944 0.034375 0.036111
