0 0.292187 0.694444 0.040625 0.027778
0 0.292969 0.668056 0.039062 0.025000
0 0.275781 0.651389 0.032813 0.030556
0 0.392188 0.688889 0.050000 0.038889
0 0.335938 0.670833 0.031250 0.030556
0 0.332813 0.644444 0.034375 0.033333
0 0.252344 0.719444 0.039062 0.033333
0 0.244531 0.697222 0.045312 0.022222
0 0.225781 0.680556 0.039062 0.027778
0 0.416406 0.569444 0.039062 0.033333
0 0.465625 0.368056 0.021875 0.025000
0 0.721875 0.391667 0.031250 0.022222
0 0.706250 0.370833 0.043750 0.025000
0 0.754687 0.351389 0.031250 0.025000
0 0.616406 0.469444 0.045312 0.022222
