0 0.038281 0.729167 0.073438 0.125000
0 0.011719 0.852778 0.020313 0.055556
0 0.015625 0.947222 0.028125 0.061111
0 0.088281 0.886111 0.067187 0.105556
0 0.085938 0.780556 0.071875 0.094444
0 0.195312 0.886111 0.087500 0.077778
0 0.312500 0.947222 0.115625 0.083333
0 0.306250 0.852778 0.090625 0.105556
0 0.178125 0.795833 0.093750 0.075000
0 0.173437 0.744444 0.075000 0.077778
0 0.226562 0.663889 0.059375 0.055556
0 0.293750 0.702778 0.071875 0.061111
0 0.361719 0.720833 0.067187 0.075000
0 0.311719 0.645833 0.067187 0.047222
0 0.371875 0.643056 0.050000 0.058333
0 0.323437 0.591667 0.065625 0.061111
0 0.414844 0.854167 0.085938 0.086111
0 0.514844 0.772222 0.073438 0.066667
0 0.487500 0.748611 0.062500 0.052778
0 0.485156 0.686111 0.067187 0.061111
0 0.443750 0.658333 0.046875 0.050000
0 0.414062 0.559722 0.059375 0.069444
0 0.810156 0.615278 0.073438 0.063889
0 0.973437 0.754167 0.053125 0.080556
0 0.868750 0.509722 0.062500 0.052778
0 0.812500 0.461111 0.043750 0.044444
0 0.771875 0.338889 0.090625 0.077778
0 0.850781 0.295833 0.073438 0.080556
0 0.735938 0.486111 0.059375 0.050000
0 0.714844 0.447222 0.057813 0.050000
0 0.653125 0.516667 0.068750 0.050000
0 0.584375 0.554167 0.059375 0.058333
0 0.600000 0.352778 0.184375 0.111111
0 0.600781 0.429167 0.057813 0.052778
0 0.567187 0.468056 0.040625 0.047222
0 0.521875 0.406944 0.040625 0.036111
0 0.488281 0.455556 0.051562 0.055556
0 0.443750 0.479167 0.040625 0.052778
0 0.473438 0.372222 0.040625 0.038889
0 0.393750 0.404167 0.050000 0.036111
0 0.378906 0.309722 0.085938 0.069444
0 0.312500 0.327778 0.031250 0.033333
0 0.284375 0.365278 0.034375 0.041667
0 0.229687 0.406944 0.037500 0.041667
0 0.214844 0.362500 0.039062 0.036111
0 0.185938 0.277778 0.034375 0.038889
0 0.122656 0.250000 0.026562 0.027778
0 0.086719 0.291667 0.035937 0.033333
