0 0.121875 0.933333 0.093750 0.088889
0 0.140625 0.975000 0.078125 0.033333
0 0.315625 0.973611 0.109375 0.041667
0 0.248438 0.923611 0.087500 0.091667
0 0.218750 0.855556 0.078125 0.094444
0 0.354687 0.904167 0.081250 0.075000
0 0.344531 0.841667 0.079687 0.066667
0 0.440625 0.820833 0.068750 0.052778
0 0.547656 0.736111 0.092188 0.111111
0 0.503906 0.708333 0.057813 0.061111
0 0.503906 0.656944 0.060937 0.058333
0 0.466406 0.637500 0.057813 0.052778
0 0.435937 0.758333 0.081250 0.088889
0 0.431250 0.712500 0.050000 0.041667
0 0.394531 0.694444 0.070312 0.061111
0 0.311719 0.763889 0.067187 0.061111
0 0.965625 0.819444 0.062500 0.088889
0 0.973437 0.743056 0.053125 0.069444
0 0.981250 0.662500 0.037500 0.063889
0 0.971094 0.565278 0.057813 0.047222
0 0.941406 0.526389 0.057813 0.052778
0 0.831250 0.662500 0.062500 0.080556
0 0.796875 0.565278 0.071875 0.063889
0 0.671875 0.544444 0.059375 0.055556
0 0.536719 0.486111 0.054688 0.044444
0 0.533594 0.443056 0.048438 0.041667
0 0.639062 0.441667 0.050000 0.044444
0 0.823438 0.473611 0.059375 0.052778
0 0.579688 0.379167 0.043750 0.041667
0 0.457813 0.351389 0.043750 0.036111
0 0.391406 0.427778 0.051562 0.050000
0 0.339062 0.438889 0.034375 0.050000
0 0.089844 0.498611 0.032813 0.052778
0 0.082031 0.416667 0.023438 0.055556
0 0.057813 0.348611 0.028125 0.036111
0 0.031250 0.300000 0.025000 0.033333
0 0.067969 0.286111 0.020313 0.027778
0 0.150781 0.351389 0.032813 0.036111
0 0.213281 0.351389 0.035937 0.041667
0 0.282813 0.365278 0.040625 0.041667
0 0.324219 0.318056 0.039062 0.030556
0 0.310156 0.273611 0.035937 0.036111
0 0.261719 0.316667 0.032813 0.033333
0 0.225000 0.291667 0.031250 0.033333
0 0.250781 0.272222 0.023438 0.022222
0 0.190625 0.273611 0.018750 0.030556
0 0.134375 0.288889 0.034375 0.022222
0 0.133594 0.272222 0.023438 0.033333
0 0.057813 0.243056 0.037500 0.025000
0 0.743750 0.351389 0.034375 0.036111
0 0.787500 0.365278 0.037500 0.030556
0 0.830469 0.388889 0.042188 0.038889
0 0.863281 0.365278 0.029687 0.036111
0 0.901563 0.344444 0.034375 0.038889
0 0.821094 0.341667 0.035937 0.033333
