0 0.081250 0.943056 0.096875 0.091667
0 0.183594 0.934722 0.101562 0.119444
0 0.165625 0.843056 0.096875 0.125000
0 0.256250 0.818056 0.075000 0.113889
0 0.311719 0.866667 0.085938 0.127778
0 0.406250 0.830556 0.084375 0.150000
0 0.517969 0.936111 0.073438 0.116667
0 0.667969 0.783333 0.060937 0.100000
0 0.631250 0.741667 0.056250 0.088889
0 0.652344 0.613889 0.057813 0.083333
0 0.460938 0.718056 0.056250 0.080556
0 0.415625 0.702778 0.065625 0.094444
0 0.457813 0.613889 0.053125 0.083333
0 0.500000 0.641667 0.059375 0.100000
0 0.390625 0.619444 0.050000 0.077778
0 0.345313 0.666667 0.050000 0.072222
0 0.306250 0.730556 0.062500 0.094444
0 0.250000 0.718056 0.078125 0.097222
0 0.353125 0.737500 0.071875 0.108333
0 0.400000 0.534722 0.053125 0.069444
0 0.442188 0.472222 0.040625 0.055556
0 0.536719 0.554167 0.054688 0.080556
0 0.559375 0.491667 0.037500 0.066667
0 0.659375 0.445833 0.040625 0.041667
0 0.687500 0.368056 0.025000 0.036111
0 0.718750 0.326389 0.028125 0.036111
0 0.684375 0.305556 0.018750 0.033333
0 0.717969 0.280556 0.017188 0.027778
0 0.731250 0.240278 0.021875 0.047222
0 0.749219 0.234722 0.014063 0.030556
0 0.712500 0.215278 0.012500 0.025000
0 0.514062 0.416667 0.037500 0.083333
0 0.552344 0.372222 0.026562 0.038889
