0 0.359375 0.765278 0.181250 0.236111
0 0.722656 0.908333 0.070312 0.088889
0 0.986719 0.666667 0.026562 0.061111
0 0.936719 0.697222 0.079687 0.088889
0 0.784375 0.733333 0.078125 0.077778
0 0.769531 0.552778 0.054688 0.066667
0 0.696094 0.572222 0.060937 0.061111
0 0.604688 0.601389 0.059375 0.091667
0 0.582031 0.470833 0.057813 0.041667
0 0.900781 0.265278 0.076563 0.052778
0 0.907031 0.323611 0.073438 0.080556
0 0.966406 0.258333 0.035937 0.033333
0 0.971094 0.305556 0.029687 0.027778
0 0.822656 0.395833 0.035937 0.047222
0 0.853125 0.365278 0.037500 0.025000
0 0.836719 0.347222 0.039062 0.027778
0 0.821875 0.320833 0.037500 0.025000
0 0.782813 0.333333 0.034375 0.033333
0 0.738281 0.347222 0.039062 0.027778
0 0.762500 0.358333 0.040625 0.027778
0 0.789062 0.373611 0.028125 0.041667
0 0.569531 0.401389 0.051562 0.036111
0 0.500781 0.473611 0.048438 0.052778
0 0.432812 0.497222 0.043750 0.050000
0 0.437500 0.422222 0.040625 0.038889
0 0.367188 0.443056 0.046875 0.047222
0 0.361719 0.347222 0.039062 0.033333
0 0.185938 0.355556 0.081250 0.083333
0 0.115625 0.513889 0.018750 0.061111
0 0.260156 0.373611 0.035937 0.041667
0 0.284375 0.355556 0.031250 0.022222
0 0.280469 0.318056 0.026562 0.030556
0 0.250781 0.268056 0.045312 0.030556
0 0.196094 0.286111 0.032813 0.022222
0 0.161719 0.262500 0.029687 0.030556
0 0.083594 0.315278 0.023438 0.030556
0 0.105469 0.294444 0.032813 0.022222
0 0.118750 0.277778 0.034375 0.027778
0 0.107031 0.254167 0.026562 0.030556
0 0.040625 0.291667 0.021875 0.022222
0 0.020313 0.254167 0.021875 0.030556
0 0.535937 0.725000 0.056250 0.072222
0 0.504687 0.690278 0.075000 0.052778
0 0.467187 0.633333 0.059375 0.044444
