0 0.283594 0.934722 0.057813 0.075000
0 0.335938 0.938889 0.053125 0.072222
0 0.378125 0.951389 0.056250 0.075000
0 0.414062 0.977778 0.043750 0.044444
0 0.491406 0.911111 0.051562 0.066667
0 0.452344 0.902778 0.045312 0.061111
0 0.418750 0.865278 0.053125 0.075000
0 0.383594 0.836111 0.054688 0.066667
0 0.344531 0.840278 0.051562 0.058333
0 0.394531 0.741667 0.045312 0.055556
0 0.436719 0.758333 0.054688 0.066667
0 0.470313 0.777778 0.037500 0.066667
0 0.491406 0.820833 0.048438 0.063889
0 0.530469 0.823611 0.039062 0.086111
0 0.596094 0.658333 0.060937 0.044444
0 0.208594 0.556944 0.123438 0.091667
0 0.396875 0.502778 0.056250 0.033333
0 0.384375 0.444444 0.043750 0.027778
0 0.318750 0.468056 0.034375 0.030556
0 0.179688 0.379167 0.037500 0.025000
0 0.050000 0.362500 0.037500 0.030556
0 0.118750 0.368056 0.034375 0.019444
0 0.740625 0.588889 0.118750 0.061111
0 0.850000 0.708333 0.056250 0.050000
0 0.953125 0.751389 0.068750 0.052778
0 0.789062 0.725000 0.059375 0.044444
0 0.701562 0.677778 0.068750 0.061111
0 0.599219 0.566667 0.054688 0.038889
0 0.659375 0.576389 0.053125 0.036111
0 0.650000 0.612500 0.056250 0.030556
0 0.616406 0.519444 0.042188 0.033333
0 0.503906 0.486111 0.060937 0.038889
0 0.511719 0.333333 0.057813 0.105556
0 0.568750 0.272222 0.040625 0.072222
0 0.658594 0.190278 0.045312 0.069444
0 0.568750 0.356944 0.050000 0.075000
0 0.618750 0.358333 0.065625 0.077778
0 0.607812 0.298611 0.037500 0.052778
