0 0.217969 0.593056 0.039062 0.030556
0 0.237500 0.559722 0.031250 0.025000
0 0.364063 0.609722 0.046875 0.119444
0 0.450781 0.922222 0.060937 0.138889
0 0.453125 0.777778 0.056250 0.144444
0 0.410156 0.795833 0.026562 0.052778
0 0.460938 0.691667 0.031250 0.050000
0 0.439063 0.622222 0.025000 0.044444
0 0.401562 0.622222 0.028125 0.044444
0 0.575781 0.576389 0.042188 0.108333
0 0.551562 0.595833 0.059375 0.097222
0 0.616406 0.704167 0.064062 0.119444
0 0.900781 0.861111 0.032813 0.033333
0 0.889844 0.829167 0.045312 0.030556
0 0.871875 0.813889 0.046875 0.038889
0 0.860156 0.781944 0.039062 0.036111
0 0.841406 0.744444 0.042188 0.038889
0 0.823438 0.720833 0.037500 0.041667
0 0.778906 0.987500 0.035937 0.025000
0 0.745313 0.922222 0.043750 0.061111
0 0.723437 0.963889 0.040625 0.050000
0 0.675000 0.986111 0.037500 0.027778
0 0.610938 0.983333 0.031250 0.033333
0 0.578125 0.904167 0.034375 0.058333
0 0.551562 0.830556 0.031250 0.055556
0 0.523438 0.769444 0.025000 0.055556
0 0.550781 0.761111 0.029687 0.061111
0 0.561719 0.723611 0.035937 0.041667
0 0.623437 0.856944 0.040625 0.058333
0 0.548438 0.654167 0.031250 0.041667
0 0.753906 0.609722 0.035937 0.019444
0 0.697656 0.626389 0.039062 0.047222
0 0.630469 0.620833 0.045312 0.036111
0 0.660937 0.601389 0.034375 0.030556
0 0.503906 0.597222 0.026562 0.044444
0 0.481250 0.516667 0.018750 0.038889
0 0.497656 0.495833 0.014063 0.041667
0 0.580469 0.437500 0.032813 0.030556
0 0.664844 0.533333 0.035937 0.027778
0 0.767188 0.575000 0.040625 0.033333
0 0.407031 0.537500 0.017188 0.036111
0 0.331250 0.497222 0.021875 0.044444
0 0.673438 0.901389 0.037500 0.052778
0 0.673438 0.852778 0.037500 0.055556
0 0.714063 0.844444 0.034375 0.050000
0 0.675781 0.773611 0.035937 0.052778
0 0.641406 0.704167 0.017188 0.036111
0 0.628125 0.800000 0.034375 0.038889
0 0.808594 0.570833 0.032813 0.019444
0 0.861719 0.554167 0.032813 0.025000
0 0.460156 0.454167 0.017188 0.036111
0 0.478906 0.400000 0.007812 0.016667
0 0.432031 0.450000 0.023438 0.022222
0 0.443750 0.404167 0.018750 0.030556
0 0.415625 0.395833 0.012500 0.025000
0 0.400781 0.363889 0.023438 0.033333
0 0.421094 0.359722 0.014063 0.025000
0 0.313281 0.388889 0.020313 0.033333
0 0.271875 0.397222 0.025000 0.050000
0 0.382812 0.487500 0.018750 0.041667
0 0.388281 0.284722 0.014063 0.019444
