0 0.073438 0.829167 0.143750 0.275000
0 0.199219 0.701389 0.076563 0.075000
0 0.310156 0.631944 0.070312 0.058333
0 0.445312 0.644444 0.062500 0.061111
0 0.110937 0.555556 0.025000 0.055556
0 0.164062 0.427778 0.053125 0.038889
0 0.353906 0.469444 0.160938 0.133333
0 0.208594 0.395833 0.076563 0.086111
0 0.132031 0.309722 0.067187 0.069444
0 0.134375 0.368056 0.031250 0.030556
0 0.090625 0.340278 0.025000 0.025000
0 0.042969 0.313889 0.023438 0.022222
0 0.010937 0.297222 0.018750 0.016667
0 0.086719 0.309722 0.026562 0.013889
0 0.053125 0.288889 0.025000 0.027778
0 0.014844 0.250000 0.020313 0.027778
0 0.044531 0.255556 0.023438 0.016667
0 0.200000 0.316667 0.028125 0.033333
0 0.244531 0.337500 0.032813 0.030556
0 0.233594 0.347222 0.039062 0.044444
0 0.360156 0.405556 0.048438 0.038889
0 0.313281 0.390278 0.035937 0.030556
0 0.295312 0.355556 0.031250 0.033333
0 0.476562 0.323611 0.115625 0.080556
0 0.535156 0.454167 0.051562 0.052778
0 0.557031 0.401389 0.051562 0.041667
0 0.332031 0.272222 0.039062 0.016667
0 0.292187 0.240278 0.018750 0.036111
0 0.121094 0.222222 0.023438 0.033333
0 0.725781 0.411111 0.210938 0.105556
0 0.660937 0.438889 0.053125 0.033333
0 0.754687 0.455556 0.046875 0.033333
0 0.739062 0.480556 0.053125 0.033333
0 0.711719 0.519444 0.064062 0.055556
0 0.827344 0.630556 0.070312 0.083333
0 0.841406 0.516667 0.060937 0.055556
0 0.908594 0.516667 0.054688 0.050000
0 0.973437 0.830556 0.053125 0.083333
0 0.981250 0.358333 0.037500 0.044444
0 0.745313 0.340278 0.037500 0.030556
0 0.780469 0.361111 0.029687 0.033333
0 0.807813 0.362500 0.046875 0.025000
0 0.791406 0.319444 0.026562 0.027778
0 0.818750 0.333333 0.037500 0.027778
0 0.867969 0.322222 0.048438 0.033333
0 0.842969 0.379167 0.042188 0.030556
