0 0.071875 0.956944 0.115625 0.075000
0 0.129688 0.804167 0.121875 0.186111
0 0.307031 0.836111 0.095312 0.144444
0 0.328125 0.727778 0.056250 0.083333
0 0.311719 0.644444 0.057813 0.061111
0 0.472656 0.669444 0.082812 0.216667
0 0.509375 0.855556 0.062500 0.088889
0 0.571094 0.681944 0.045312 0.069444
0 0.661719 0.652778 0.032813 0.044444
0 0.616406 0.568056 0.032813 0.052778
0 0.671094 0.534722 0.020313 0.036111
0 0.645312 0.486111 0.037500 0.044444
0 0.596094 0.318056 0.023438 0.030556
0 0.683594 0.338889 0.017188 0.038889
