0 0.492188 0.554167 0.040625 0.063889
0 0.489063 0.926389 0.062500 0.097222
0 0.575781 0.854167 0.067187 0.108333
0 0.528125 0.791667 0.053125 0.088889
0 0.626563 0.711111 0.053125 0.066667
0 0.568750 0.700000 0.043750 0.061111
0 0.598437 0.616667 0.037500 0.077778
0 0.624219 0.526389 0.029687 0.052778
0 0.640625 0.458333 0.025000 0.038889
0 0.652344 0.401389 0.023438 0.041667
0 0.460156 0.501389 0.032813 0.047222
0 0.526563 0.422222 0.028125 0.066667
0 0.505469 0.388889 0.032813 0.061111
0 0.567969 0.425000 0.032813 0.044444
0 0.589063 0.373611 0.025000 0.041667
0 0.559375 0.368056 0.025000 0.041667
0 0.533594 0.354167 0.023438 0.047222
0 0.571094 0.300000 0.029687 0.033333
0 0.628125 0.305556 0.034375 0.038889
0 0.677344 0.313889 0.017188 0.038889
0 0.707812 0.330556 0.028125 0.027778
0 0.715625 0.272222 0.018750 0.033333
0 0.637500 0.261111 0.025000 0.044444
