0 0.114844 0.986111 0.057813 0.022222
0 0.183594 0.920833 0.095312 0.113889
0 0.225781 0.952778 0.085938 0.088889
0 0.151562 0.837500 0.078125 0.102778
0 0.260937 0.809722 0.075000 0.108333
0 0.292187 0.863889 0.071875 0.094444
0 0.352344 0.941667 0.070312 0.105556
0 0.414062 0.826389 0.075000 0.102778
0 0.522656 0.829167 0.067187 0.091667
0 0.572656 0.895833 0.054688 0.108333
0 0.467187 0.716667 0.053125 0.094444
0 0.360156 0.772222 0.067187 0.100000
0 0.332031 0.722222 0.067187 0.072222
0 0.308594 0.645833 0.057813 0.097222
0 0.372656 0.654167 0.051562 0.063889
0 0.429688 0.675000 0.046875 0.088889
0 0.510938 0.637500 0.040625 0.075000
0 0.449219 0.608333 0.048438 0.050000
0 0.414062 0.586111 0.053125 0.050000
0 0.447656 0.531944 0.042188 0.058333
0 0.425000 0.512500 0.037500 0.052778
0 0.495312 0.544444 0.046875 0.055556
0 0.514062 0.494444 0.025000 0.050000
0 0.635156 0.969444 0.054688 0.061111
0 0.637500 0.643056 0.040625 0.058333
0 0.612500 0.569444 0.040625 0.050000
0 0.676562 0.554167 0.034375 0.041667
0 0.642188 0.490278 0.034375 0.047222
0 0.678906 0.418056 0.026562 0.030556
0 0.692187 0.363889 0.028125 0.027778
0 0.564844 0.465278 0.029687 0.047222
0 0.514844 0.444444 0.029687 0.055556
0 0.497656 0.409722 0.029687 0.063889
0 0.527344 0.358333 0.032813 0.050000
0 0.586719 0.400000 0.023438 0.055556
0 0.558594 0.390278 0.029687 0.052778
0 0.603906 0.354167 0.026562 0.030556
