0 0.597656 0.768056 0.070312 0.113889
0 0.241406 0.695833 0.039062 0.041667
0 0.285156 0.666667 0.035937 0.038889
0 0.196094 0.779167 0.042188 0.030556
0 0.514844 0.490278 0.035937 0.063889
0 0.510938 0.543056 0.025000 0.047222
0 0.550000 0.612500 0.034375 0.041667
0 0.397656 0.763889 0.076563 0.038889
0 0.665625 0.545833 0.034375 0.025000
0 0.623437 0.541667 0.037500 0.038889
0 0.610938 0.479167 0.025000 0.025000
0 0.582812 0.433333 0.021875 0.027778
0 0.537500 0.419444 0.028125 0.022222
0 0.464844 0.448611 0.020313 0.030556
0 0.465625 0.405556 0.028125 0.027778
0 0.432812 0.413889 0.015625 0.016667
0 0.384375 0.369444 0.012500 0.027778
0 0.370312 0.301389 0.018750 0.019444
0 0.339062 0.216667 0.015625 0.027778
0 0.415625 0.281944 0.012500 0.036111
0 0.642188 0.641667 0.034375 0.044444
0 0.682813 0.866667 0.031250 0.044444
0 0.790625 0.848611 0.046875 0.041667
0 0.746094 0.925000 0.035937 0.050000
0 0.810937 0.761111 0.031250 0.033333
0 0.791406 0.768056 0.026562 0.041667
0 0.748437 0.737500 0.034375 0.036111
0 0.695312 0.648611 0.034375 0.041667
