0 0.072656 0.913889 0.104688 0.133333
0 0.218750 0.761111 0.162500 0.250000
0 0.201563 0.898611 0.093750 0.152778
0 0.228906 0.958333 0.089063 0.077778
0 0.298438 0.883333 0.078125 0.105556
0 0.355469 0.773611 0.060937 0.097222
0 0.288281 0.783333 0.064062 0.094444
0 0.324219 0.648611 0.048438 0.075000
0 0.338281 0.694444 0.057813 0.094444
0 0.355469 0.926389 0.095312 0.147222
0 0.427344 0.823611 0.076563 0.108333
0 0.508594 0.856944 0.070312 0.102778
0 0.619531 0.581944 0.048438 0.080556
0 0.666406 0.518056 0.045312 0.058333
0 0.642969 0.487500 0.032813 0.052778
0 0.721875 0.393056 0.046875 0.097222
0 0.686719 0.316667 0.026562 0.038889
0 0.717969 0.288889 0.023438 0.038889
0 0.740625 0.283333 0.015625 0.033333
0 0.710938 0.247222 0.012500 0.022222
0 0.403906 0.693056 0.045312 0.086111
0 0.462500 0.711111 0.062500 0.111111
0 0.500000 0.643056 0.046875 0.075000
0 0.439844 0.604167 0.073438 0.119444
0 0.386719 0.634722 0.048438 0.058333
0 0.425000 0.547222 0.062500 0.116667
0 0.389062 0.550000 0.046875 0.050000
0 0.464844 0.479167 0.039062 0.091667
0 0.495312 0.523611 0.034375 0.063889
0 0.515625 0.487500 0.025000 0.052778
0 0.530469 0.580556 0.035937 0.061111
0 0.560156 0.540278 0.029687 0.063889
0 0.542188 0.452778 0.025000 0.038889
0 0.493750 0.415278 0.028125 0.041667
0 0.508594 0.376389 0.029687 0.036111
0 0.535156 0.386111 0.023438 0.038889
0 0.539062 0.336111 0.037500 0.055556
0 0.582812 0.402778 0.025000 0.038889
0 0.575781 0.347222 0.023438 0.044444
0 0.600781 0.362500 0.026562 0.036111
0 0.617969 0.329167 0.029687 0.036111
