0 0.690625 0.868056 0.071875 0.102778
0 0.580469 0.877778 0.160938 0.244444
0 0.633594 0.763889 0.067187 0.088889
0 0.596094 0.808333 0.051562 0.066667
0 0.486719 0.733333 0.054688 0.083333
0 0.450000 0.643056 0.068750 0.080556
0 0.506250 0.611111 0.050000 0.066667
0 0.546875 0.697222 0.062500 0.094444
0 0.596875 0.680556 0.040625 0.055556
0 0.550000 0.601389 0.050000 0.063889
0 0.285938 0.977778 0.050000 0.044444
0 0.384375 0.497222 0.037500 0.066667
0 0.330469 0.502778 0.035937 0.077778
0 0.421094 0.386111 0.048438 0.055556
0 0.321875 0.277778 0.025000 0.033333
0 0.225000 0.254167 0.015625 0.036111
0 0.250000 0.254167 0.015625 0.030556
0 0.275000 0.244444 0.021875 0.033333
0 0.270313 0.226389 0.021875 0.013889
0 0.302344 0.216667 0.020313 0.027778
0 0.296875 0.191667 0.021875 0.022222
0 0.271094 0.179167 0.020313 0.019444
0 0.348438 0.241667 0.031250 0.038889
0 0.693750 0.262500 0.090625 0.069444
