0 0.116406 0.947222 0.101562 0.083333
0 0.245312 0.963889 0.084375 0.072222
0 0.339844 0.956944 0.098437 0.080556
0 0.352344 0.872222 0.098437 0.094444
0 0.210156 0.859722 0.076563 0.091667
0 0.303906 0.775000 0.089063 0.072222
0 0.400000 0.772222 0.081250 0.077778
0 0.500781 0.779167 0.189062 0.180556
0 0.396875 0.698611 0.075000 0.069444
0 0.500000 0.681944 0.084375 0.069444
0 0.473438 0.634722 0.075000 0.063889
0 0.870313 0.344444 0.096875 0.083333
0 0.806250 0.320833 0.100000 0.075000
0 0.935937 0.325000 0.037500 0.027778
0 0.913281 0.277778 0.039062 0.027778
0 0.425000 0.413889 0.059375 0.038889
0 0.546094 0.362500 0.051562 0.036111
0 0.553125 0.308333 0.046875 0.022222
0 0.475781 0.372222 0.048438 0.027778
0 0.443750 0.338889 0.043750 0.033333
0 0.377344 0.359722 0.045312 0.030556
0 0.392188 0.334722 0.037500 0.036111
0 0.328906 0.334722 0.054688 0.030556
0 0.321094 0.297222 0.039062 0.022222
0 0.232813 0.302778 0.040625 0.027778
0 0.215625 0.277778 0.034375 0.022222
