0 0.191406 0.681944 0.039062 0.019444
0 0.182812 0.651389 0.046875 0.019444
0 0.150000 0.627778 0.034375 0.022222
0 0.146875 0.612500 0.031250 0.019444
0 0.132812 0.587500 0.034375 0.013889
0 0.121875 0.575000 0.031250 0.027778
0 0.167969 0.559722 0.039062 0.025000
0 0.192188 0.587500 0.043750 0.013889
0 0.204687 0.611111 0.040625 0.022222
0 0.242969 0.693056 0.045312 0.025000
0 0.307812 0.698611 0.043750 0.052778
0 0.244531 0.659722 0.042188 0.025000
0 0.250000 0.634722 0.046875 0.036111
0 0.260156 0.587500 0.042188 0.030556
0 0.239844 0.576389 0.039062 0.019444
0 0.231250 0.558333 0.043750 0.016667
0 0.218750 0.540278 0.046875 0.025000
0 0.417969 0.733333 0.082812 0.183333
0 0.457031 0.952778 0.039062 0.055556
0 0.529687 0.981944 0.034375 0.036111
0 0.594531 0.950000 0.035937 0.050000
0 0.518750 0.883333 0.031250 0.066667
0 0.565625 0.872222 0.034375 0.055556
0 0.543750 0.815278 0.028125 0.041667
0 0.520312 0.755556 0.031250 0.038889
0 0.503125 0.697222 0.028125 0.050000
0 0.481250 0.658333 0.025000 0.038889
0 0.410938 0.643056 0.034375 0.041667
0 0.437500 0.631944 0.028125 0.036111
0 0.464062 0.605556 0.028125 0.038889
0 0.641406 0.894444 0.039062 0.050000
0 0.662500 0.865278 0.031250 0.058333
0 0.750000 0.940278 0.031250 0.058333
0 0.728906 0.869444 0.026562 0.038889
0 0.698438 0.808333 0.040625 0.055556
0 0.677344 0.738889 0.023438 0.055556
0 0.624219 0.718056 0.064062 0.136111
0 0.567969 0.727778 0.035937 0.050000
0 0.528125 0.641667 0.018750 0.038889
0 0.539844 0.615278 0.017188 0.030556
0 0.558594 0.588889 0.023438 0.033333
0 0.517969 0.538889 0.032813 0.061111
0 0.485156 0.525000 0.017188 0.033333
0 0.484375 0.388889 0.040625 0.077778
0 0.342969 0.495833 0.026562 0.080556
0 0.689063 0.658333 0.050000 0.083333
0 0.911719 0.883333 0.035937 0.038889
0 0.903125 0.862500 0.037500 0.036111
0 0.889844 0.833333 0.032813 0.044444
0 0.871875 0.815278 0.031250 0.041667
0 0.857812 0.783333 0.040625 0.044444
0 0.847656 0.759722 0.048438 0.047222
0 0.835938 0.736111 0.037500 0.038889
0 0.824219 0.715278 0.042188 0.041667
0 0.760938 0.604167 0.028125 0.030556
0 0.734375 0.575000 0.040625 0.033333
0 0.786719 0.566667 0.045312 0.027778
0 0.804688 0.600000 0.040625 0.027778
0 0.521094 0.461111 0.020313 0.044444
0 0.464844 0.486111 0.020313 0.038889
0 0.484375 0.475000 0.025000 0.044444
0 0.428125 0.308333 0.031250 0.061111
0 0.178125 0.461111 0.034375 0.033333
0 0.228125 0.425000 0.028125 0.033333
0 0.267188 0.363889 0.015625 0.038889
0 0.293750 0.325000 0.021875 0.044444
0 0.375000 0.334722 0.018750 0.030556
0 0.387500 0.475000 0.015625 0.027778
