0 0.495312 0.526389 0.043750 0.063889
0 0.398438 0.523611 0.040625 0.052778
0 0.379688 0.466667 0.046875 0.050000
0 0.406250 0.419444 0.031250 0.044444
0 0.297656 0.409722 0.032813 0.063889
0 0.357031 0.326389 0.029687 0.036111
0 0.302344 0.309722 0.029687 0.041667
0 0.291406 0.275000 0.026562 0.027778
0 0.275781 0.243056 0.026562 0.030556
0 0.571875 0.922222 0.084375 0.111111
0 0.692187 0.977778 0.075000 0.044444
0 0.485938 0.684722 0.125000 0.236111
0 0.341406 0.556944 0.042188 0.063889
0 0.285156 0.975000 0.048438 0.050000
0 0.504687 0.956944 0.090625 0.086111
0 0.690625 0.265278 0.100000 0.086111
