0 0.220312 0.897222 0.171875 0.200000
0 0.175000 0.819444 0.078125 0.105556
0 0.325781 0.827778 0.076563 0.116667
0 0.282031 0.766667 0.048438 0.044444
0 0.375781 0.940278 0.073438 0.119444
0 0.489844 0.897222 0.064062 0.116667
0 0.408594 0.823611 0.067187 0.097222
0 0.393750 0.693056 0.065625 0.102778
0 0.459375 0.734722 0.053125 0.091667
0 0.516406 0.605556 0.054688 0.127778
0 0.578125 0.848611 0.065625 0.086111
0 0.565625 0.705556 0.046875 0.066667
0 0.660937 0.609722 0.043750 0.063889
0 0.610156 0.591667 0.042188 0.055556
0 0.553125 0.525000 0.034375 0.061111
0 0.634375 0.525000 0.028125 0.055556
0 0.682031 0.418056 0.026562 0.041667
0 0.687500 0.348611 0.021875 0.030556
0 0.721875 0.368056 0.021875 0.030556
0 0.722656 0.295833 0.023438 0.030556
0 0.594531 0.356944 0.020313 0.036111
0 0.586719 0.281944 0.020313 0.030556
0 0.623437 0.269444 0.021875 0.038889
0 0.650000 0.248611 0.015625 0.030556
0 0.731250 0.184722 0.012500 0.036111
0 0.734375 0.236111 0.012500 0.027778
