0 0.086719 0.925000 0.098437 0.133333
0 0.157031 0.943056 0.092188 0.097222
0 0.244531 0.951389 0.057813 0.097222
0 0.343750 0.952778 0.084375 0.088889
0 0.453125 0.956944 0.075000 0.080556
0 0.566406 0.963889 0.064062 0.072222
0 0.641406 0.972222 0.054688 0.055556
0 0.278906 0.783333 0.070312 0.088889
0 0.367969 0.820833 0.089063 0.113889
0 0.514062 0.841667 0.062500 0.083333
0 0.595313 0.845833 0.053125 0.086111
0 0.632812 0.711111 0.040625 0.083333
0 0.567187 0.736111 0.053125 0.083333
0 0.470313 0.683333 0.053125 0.083333
0 0.424219 0.641667 0.051562 0.055556
0 0.478906 0.461111 0.064062 0.111111
0 0.546094 0.536111 0.039062 0.050000
0 0.538281 0.462500 0.039062 0.047222
0 0.598437 0.583333 0.050000 0.083333
0 0.660937 0.594444 0.043750 0.066667
0 0.641406 0.490278 0.032813 0.063889
0 0.706250 0.469444 0.021875 0.033333
0 0.657813 0.412500 0.028125 0.047222
0 0.700781 0.390278 0.029687 0.036111
0 0.552344 0.379167 0.023438 0.041667
0 0.582031 0.391667 0.026562 0.050000
0 0.573438 0.345833 0.028125 0.036111
0 0.714844 0.334722 0.023438 0.036111
0 0.678906 0.320833 0.014063 0.019444
0 0.604688 0.326389 0.028125 0.025000
