0 0.092969 0.958333 0.089063 0.072222
0 0.176563 0.943056 0.071875 0.108333
0 0.207813 0.761111 0.065625 0.083333
0 0.267188 0.795833 0.078125 0.108333
0 0.296094 0.883333 0.073438 0.100000
0 0.368750 0.934722 0.062500 0.108333
0 0.474219 0.952778 0.070312 0.083333
0 0.539844 0.981944 0.045312 0.025000
0 0.637500 0.984722 0.053125 0.030556
0 0.592187 0.845833 0.053125 0.097222
0 0.514062 0.829167 0.046875 0.069444
0 0.542969 0.737500 0.042188 0.075000
0 0.587500 0.665278 0.043750 0.052778
0 0.430469 0.800000 0.057813 0.111111
0 0.378125 0.747222 0.056250 0.094444
0 0.357031 0.659722 0.067187 0.097222
0 0.297656 0.645833 0.048438 0.069444
0 0.419531 0.663889 0.048438 0.066667
0 0.460938 0.670833 0.040625 0.080556
0 0.506250 0.676389 0.040625 0.063889
0 0.602344 0.597222 0.032813 0.050000
0 0.660156 0.584722 0.032813 0.047222
0 0.678125 0.523611 0.018750 0.047222
0 0.626563 0.523611 0.025000 0.063889
0 0.644531 0.465278 0.026562 0.052778
0 0.696875 0.462500 0.021875 0.047222
0 0.692969 0.401389 0.029687 0.030556
0 0.655469 0.416667 0.023438 0.033333
0 0.665625 0.372222 0.025000 0.022222
0 0.712500 0.311111 0.015625 0.044444
0 0.729688 0.275000 0.015625 0.022222
0 0.381250 0.568056 0.043750 0.063889
0 0.415625 0.577778 0.040625 0.066667
0 0.462500 0.575000 0.050000 0.066667
0 0.535937 0.605556 0.040625 0.055556
0 0.542188 0.544444 0.037500 0.050000
0 0.499219 0.531944 0.026562 0.058333
0 0.453906 0.512500 0.042188 0.041667
0 0.478906 0.465278 0.048438 0.069444
0 0.451562 0.434722 0.025000 0.041667
0 0.517188 0.486111 0.031250 0.027778
0 0.551562 0.495833 0.031250 0.036111
0 0.564063 0.452778 0.025000 0.044444
0 0.535156 0.451389 0.023438 0.025000
0 0.576562 0.406944 0.018750 0.041667
0 0.542969 0.422222 0.023438 0.033333
0 0.517969 0.409722 0.017188 0.030556
0 0.552344 0.369444 0.023438 0.033333
0 0.575781 0.302778 0.020313 0.027778
0 0.587500 0.350000 0.021875 0.022222
0 0.607031 0.337500 0.014063 0.025000
0 0.628906 0.308333 0.023438 0.033333
0 0.598437 0.308333 0.015625 0.016667
