0 0.227344 0.498611 0.070312 0.113889
0 0.186719 0.591667 0.057813 0.127778
0 0.352344 0.852778 0.107813 0.166667
0 0.332813 0.937500 0.103125 0.125000
0 0.403125 0.979167 0.037500 0.041667
0 0.378906 0.700000 0.051562 0.066667
0 0.418750 0.780556 0.043750 0.061111
0 0.403906 0.836111 0.045312 0.055556
0 0.460938 0.837500 0.050000 0.063889
0 0.453125 0.916667 0.056250 0.077778
0 0.493750 0.986111 0.043750 0.027778
0 0.551562 0.975000 0.043750 0.050000
0 0.503906 0.911111 0.064062 0.061111
0 0.545312 0.826389 0.053125 0.058333
0 0.253125 0.352778 0.028125 0.038889
0 0.125000 0.475000 0.025000 0.033333
0 0.327344 0.340278 0.029687 0.025000
0 0.375000 0.331944 0.037500 0.030556
0 0.553906 0.629167 0.035937 0.052778
0 0.651563 0.655556 0.081250 0.144444
0 0.712500 0.709722 0.037500 0.041667
0 0.629687 0.718056 0.096875 0.125000
0 0.780469 0.812500 0.039062 0.063889
0 0.726562 0.791667 0.053125 0.061111
0 0.703125 0.830556 0.056250 0.050000
0 0.896094 0.983333 0.045312 0.033333
0 0.920312 0.693056 0.128125 0.163889
0 0.946094 0.644444 0.107813 0.150000
0 0.953125 0.584722 0.093750 0.113889
0 0.965625 0.552778 0.068750 0.088889
0 0.907031 0.461111 0.114062 0.083333
0 0.658594 0.305556 0.089063 0.088889
0 0.895312 0.312500 0.090625 0.075000
0 0.928125 0.125000 0.059375 0.061111
