0 0.603125 0.531944 0.096875 0.025000
0 0.499219 0.468056 0.082812 0.030556
0 0.587500 0.591667 0.040625 0.027778
0 0.540625 0.590278 0.037500 0.025000
0 0.446094 0.518056 0.039062 0.025000
0 0.614844 0.463889 0.035937 0.027778
0 0.680469 0.452778 0.039062 0.027778
0 0.392188 0.691667 0.037500 0.033333
0 0.384375 0.668056 0.043750 0.030556
0 0.375000 0.641667 0.043750 0.022222
0 0.368750 0.633333 0.059375 0.033333
0 0.353125 0.605556 0.056250 0.038889
0 0.181250 0.755556 0.040625 0.050000
0 0.233594 0.730556 0.045312 0.033333
0 0.227344 0.704167 0.035937 0.030556
0 0.315625 0.738889 0.037500 0.027778
0 0.300000 0.718056 0.040625 0.030556
0 0.271875 0.680556 0.034375 0.027778
0 0.262500 0.656944 0.043750 0.025000
0 0.390625 0.379167 0.021875 0.025000
0 0.428125 0.352778 0.018750 0.022222
0 0.293750 0.265278 0.025000 0.063889
0 0.134375 0.523611 0.025000 0.030556
0 0.212500 0.395833 0.028125 0.041667
0 0.162500 0.480556 0.021875 0.033333
0 0.340625 0.293056 0.021875 0.036111
0 0.751563 0.745833 0.031250 0.025000
0 0.725000 0.700000 0.028125 0.033333
0 0.711719 0.755556 0.026562 0.033333
0 0.696094 0.766667 0.032813 0.038889
0 0.821875 0.934722 0.031250 0.041667
0 0.830469 0.825000 0.035937 0.050000
0 0.903125 0.948611 0.034375 0.041667
0 0.800000 0.775000 0.031250 0.044444
0 0.787500 0.805556 0.031250 0.044444
0 0.504687 0.341667 0.021875 0.027778
0 0.759375 0.330556 0.021875 0.022222
0 0.357031 0.184722 0.010937 0.030556
0 0.335156 0.191667 0.014063 0.022222
0 0.417969 0.165278 0.045312 0.047222
