0 0.063281 0.940278 0.079687 0.102778
0 0.189844 0.795833 0.076563 0.080556
0 0.259375 0.802778 0.071875 0.122222
0 0.273438 0.919444 0.084375 0.116667
0 0.267188 0.686111 0.059375 0.088889
0 0.379688 0.708333 0.062500 0.083333
0 0.332813 0.612500 0.053125 0.069444
0 0.354687 0.980556 0.056250 0.027778
0 0.459375 0.936111 0.115625 0.122222
0 0.606250 0.809722 0.062500 0.086111
0 0.664844 0.630556 0.042188 0.066667
0 0.440625 0.611111 0.062500 0.088889
0 0.382812 0.558333 0.053125 0.055556
0 0.403125 0.512500 0.031250 0.041667
0 0.478125 0.505556 0.040625 0.055556
0 0.451562 0.468056 0.034375 0.041667
0 0.521094 0.526389 0.029687 0.052778
0 0.564844 0.469444 0.020313 0.050000
0 0.640625 0.568056 0.025000 0.036111
0 0.625000 0.527778 0.028125 0.044444
0 0.711719 0.402778 0.039062 0.088889
0 0.657813 0.447222 0.028125 0.038889
0 0.587500 0.316667 0.034375 0.066667
0 0.575781 0.402778 0.029687 0.050000
0 0.541406 0.397222 0.026562 0.033333
0 0.485156 0.418056 0.032813 0.041667
0 0.512500 0.376389 0.025000 0.036111
0 0.541406 0.338889 0.029687 0.027778
