0 0.116406 0.981944 0.045312 0.025000
0 0.183594 0.919444 0.089063 0.116667
0 0.227344 0.954167 0.079687 0.086111
0 0.350781 0.941667 0.070312 0.111111
0 0.296094 0.861111 0.073438 0.105556
0 0.267188 0.819444 0.087500 0.105556
0 0.275000 0.713889 0.071875 0.111111
0 0.335156 0.720833 0.057813 0.102778
0 0.360938 0.775000 0.068750 0.088889
0 0.403125 0.827778 0.056250 0.105556
0 0.448437 0.738889 0.056250 0.094444
0 0.425781 0.677778 0.054688 0.083333
0 0.371875 0.655556 0.046875 0.066667
0 0.378125 0.568056 0.043750 0.069444
0 0.564844 0.869444 0.060937 0.088889
0 0.635938 0.972222 0.053125 0.044444
0 0.507031 0.843056 0.057813 0.075000
0 0.584375 0.702778 0.046875 0.061111
0 0.648438 0.616667 0.034375 0.055556
0 0.594531 0.615278 0.042188 0.047222
0 0.619531 0.559722 0.029687 0.052778
0 0.659375 0.545833 0.028125 0.041667
0 0.633594 0.501389 0.029687 0.030556
0 0.648438 0.461111 0.028125 0.044444
0 0.499219 0.668056 0.042188 0.058333
0 0.455469 0.611111 0.045312 0.050000
0 0.412500 0.590278 0.046875 0.069444
0 0.517188 0.600000 0.046875 0.061111
0 0.478906 0.562500 0.045312 0.063889
0 0.436719 0.543056 0.042188 0.058333
0 0.417969 0.506944 0.035937 0.047222
0 0.472656 0.498611 0.042188 0.052778
0 0.511719 0.512500 0.039062 0.063889
0 0.547656 0.556944 0.039062 0.047222
0 0.554688 0.497222 0.028125 0.050000
0 0.575781 0.470833 0.020313 0.047222
0 0.539062 0.463889 0.028125 0.033333
0 0.586719 0.383333 0.023438 0.061111
0 0.503125 0.434722 0.040625 0.030556
0 0.531250 0.405556 0.025000 0.027778
0 0.682813 0.312500 0.018750 0.036111
0 0.701562 0.269444 0.018750 0.033333
0 0.717187 0.226389 0.009375 0.025000
0 0.734375 0.198611 0.021875 0.047222
