0 0.414844 0.369444 0.045312 0.027778
0 0.377344 0.329167 0.042188 0.036111
0 0.289844 0.384722 0.029687 0.041667
0 0.230469 0.230556 0.035937 0.038889
0 0.207031 0.488889 0.054688 0.144444
0 0.204687 0.625000 0.034375 0.055556
0 0.154688 0.630556 0.028125 0.055556
0 0.203906 0.787500 0.039062 0.063889
0 0.251563 0.787500 0.040625 0.058333
0 0.326562 0.931944 0.056250 0.080556
0 0.407031 0.956944 0.048438 0.058333
0 0.351562 0.865278 0.056250 0.063889
0 0.315625 0.786111 0.037500 0.066667
0 0.478125 0.944444 0.109375 0.111111
0 0.416406 0.854167 0.045312 0.052778
0 0.369531 0.784722 0.045312 0.058333
0 0.333594 0.711111 0.042188 0.055556
0 0.560937 0.965278 0.053125 0.052778
0 0.432031 0.793056 0.095312 0.152778
0 0.503125 0.920833 0.046875 0.063889
0 0.358594 0.681944 0.064062 0.119444
0 0.317969 0.616667 0.032813 0.038889
0 0.300781 0.563889 0.032813 0.044444
0 0.493750 0.691667 0.043750 0.050000
0 0.416406 0.622222 0.035937 0.044444
0 0.304688 0.475000 0.034375 0.038889
0 0.148438 0.459722 0.028125 0.047222
0 0.157812 0.361111 0.025000 0.033333
0 0.140625 0.377778 0.028125 0.050000
0 0.575781 0.665278 0.051562 0.058333
0 0.618750 0.734722 0.050000 0.052778
0 0.658594 0.713889 0.045312 0.033333
0 0.700781 0.697222 0.051562 0.055556
0 0.751563 0.762500 0.059375 0.063889
0 0.711719 0.777778 0.045312 0.072222
0 0.684375 0.809722 0.053125 0.058333
0 0.829688 0.494444 0.100000 0.116667
0 0.911719 0.470833 0.104688 0.075000
0 0.915625 0.690278 0.125000 0.158333
0 0.946875 0.643056 0.103125 0.125000
0 0.947656 0.605556 0.104688 0.105556
0 0.961719 0.551389 0.076563 0.069444
0 0.760156 0.259722 0.029687 0.030556
