0 0.976562 0.291667 0.034375 0.038889
0 0.985156 0.318056 0.029687 0.052778
0 0.967969 0.369444 0.035937 0.033333
0 0.946094 0.404167 0.032813 0.041667
0 0.907031 0.377778 0.048438 0.027778
0 0.867188 0.472222 0.040625 0.033333
0 0.832812 0.444444 0.040625 0.027778
0 0.782031 0.359722 0.035937 0.030556
0 0.803125 0.556944 0.121875 0.130556
0 0.740625 0.481944 0.037500 0.052778
0 0.702344 0.416667 0.039062 0.050000
0 0.690625 0.544444 0.034375 0.077778
0 0.498437 0.518056 0.056250 0.069444
0 0.392188 0.612500 0.071875 0.097222
0 0.184375 0.522222 0.040625 0.150000
0 0.146094 0.408333 0.051562 0.094444
0 0.011719 0.247222 0.020313 0.044444
0 0.079687 0.254167 0.015625 0.013889
0 0.066406 0.230556 0.023438 0.022222
0 0.121875 0.305556 0.037500 0.038889
0 0.167187 0.309722 0.034375 0.036111
0 0.192969 0.275000 0.032813 0.027778
0 0.581250 0.304167 0.068750 0.047222
0 0.326562 0.291667 0.034375 0.033333
0 0.282813 0.311111 0.040625 0.038889
0 0.389844 0.395833 0.045312 0.036111
0 0.356250 0.412500 0.046875 0.036111
0 0.317188 0.427778 0.031250 0.033333
0 0.307031 0.450000 0.045312 0.044444
0 0.221094 0.398611 0.092188 0.097222
0 0.327344 0.365278 0.039062 0.041667
0 0.306250 0.386111 0.040625 0.033333
0 0.292187 0.361111 0.031250 0.033333
0 0.267969 0.377778 0.048438 0.033333
0 0.239063 0.334722 0.031250 0.036111
0 0.223438 0.361111 0.031250 0.038889
