0 0.076563 0.969444 0.065625 0.061111
0 0.167969 0.929167 0.095312 0.130556
0 0.133594 0.895833 0.089063 0.102778
0 0.225781 0.961111 0.070312 0.061111
0 0.332031 0.948611 0.082812 0.091667
0 0.300000 0.880556 0.065625 0.094444
0 0.245312 0.813889 0.071875 0.088889
0 0.414844 0.816667 0.067187 0.105556
0 0.340625 0.786111 0.062500 0.088889
0 0.298438 0.729167 0.056250 0.069444
0 0.311719 0.645833 0.054688 0.080556
0 0.353125 0.655556 0.053125 0.111111
0 0.399219 0.715278 0.054688 0.080556
0 0.448437 0.990278 0.043750 0.019444
0 0.486719 0.905556 0.064062 0.116667
0 0.562500 0.898611 0.062500 0.091667
0 0.537500 0.781944 0.053125 0.075000
0 0.628906 0.731944 0.057813 0.075000
0 0.470313 0.716667 0.053125 0.083333
0 0.429688 0.644444 0.050000 0.072222
0 0.395313 0.600000 0.050000 0.072222
0 0.503906 0.655556 0.051562 0.072222
0 0.475000 0.606944 0.040625 0.075000
0 0.432812 0.554167 0.040625 0.063889
0 0.407813 0.483333 0.034375 0.050000
0 0.425781 0.520833 0.032813 0.047222
0 0.467969 0.504167 0.045312 0.052778
0 0.486719 0.558333 0.042188 0.038889
0 0.506250 0.511111 0.040625 0.038889
0 0.500781 0.454167 0.057813 0.063889
0 0.460156 0.447222 0.032813 0.050000
0 0.523438 0.595833 0.046875 0.041667
0 0.548438 0.541667 0.031250 0.050000
0 0.569531 0.480556 0.026562 0.072222
0 0.534375 0.477778 0.037500 0.027778
0 0.564063 0.693056 0.043750 0.069444
0 0.614062 0.659722 0.043750 0.069444
0 0.660937 0.637500 0.034375 0.086111
0 0.605469 0.577778 0.045312 0.061111
0 0.647656 0.523611 0.039062 0.047222
0 0.684375 0.538889 0.028125 0.055556
0 0.678906 0.373611 0.048438 0.097222
0 0.645312 0.456944 0.031250 0.041667
0 0.505469 0.383333 0.029687 0.050000
0 0.564844 0.406944 0.035937 0.030556
0 0.720313 0.344444 0.021875 0.044444
0 0.556250 0.366667 0.031250 0.038889
0 0.587500 0.322222 0.015625 0.027778
0 0.595313 0.361111 0.031250 0.033333
0 0.565625 0.308333 0.021875 0.027778
