0 0.117969 0.947222 0.092188 0.083333
0 0.022656 0.862500 0.042188 0.091667
0 0.153125 0.834722 0.084375 0.086111
0 0.103906 0.786111 0.073438 0.088889
0 0.194531 0.708333 0.054688 0.077778
0 0.886719 0.541667 0.067187 0.055556
0 0.978125 0.533333 0.043750 0.038889
0 0.980469 0.377778 0.039062 0.088889
0 0.942969 0.386111 0.023438 0.055556
0 0.938281 0.438889 0.048438 0.050000
0 0.875781 0.476389 0.054688 0.047222
0 0.936719 0.283333 0.039062 0.038889
0 0.830469 0.325000 0.042188 0.038889
0 0.529687 0.459722 0.050000 0.063889
0 0.449219 0.451389 0.045312 0.041667
0 0.415625 0.462500 0.050000 0.063889
0 0.430469 0.412500 0.051562 0.036111
0 0.353906 0.413889 0.042188 0.038889
0 0.351562 0.376389 0.040625 0.030556
0 0.293750 0.416667 0.046875 0.044444
0 0.018750 0.290278 0.028125 0.030556
0 0.062500 0.300000 0.028125 0.033333
0 0.126562 0.329167 0.031250 0.025000
0 0.181250 0.327778 0.040625 0.033333
0 0.189062 0.391667 0.034375 0.033333
0 0.195312 0.361111 0.040625 0.033333
0 0.239063 0.395833 0.034375 0.030556
0 0.218750 0.354167 0.034375 0.025000
0 0.279687 0.373611 0.034375 0.025000
0 0.278906 0.352778 0.039062 0.016667
