0 0.157031 0.876389 0.145313 0.230556
0 0.181250 0.494444 0.040625 0.027778
0 0.199219 0.473611 0.039062 0.030556
0 0.134375 0.479167 0.040625 0.030556
0 0.056250 0.466667 0.043750 0.027778
0 0.238281 0.493056 0.045312 0.025000
0 0.232031 0.519444 0.039062 0.027778
0 0.271094 0.530556 0.051562 0.027778
0 0.315625 0.490278 0.043750 0.036111
0 0.332031 0.469444 0.045312 0.033333
0 0.286719 0.456944 0.035937 0.030556
0 0.265625 0.968056 0.062500 0.052778
0 0.338281 0.943056 0.054688 0.075000
0 0.371875 0.952778 0.053125 0.083333
0 0.491406 0.906944 0.051562 0.075000
0 0.453906 0.895833 0.048438 0.080556
0 0.527344 0.822222 0.054688 0.088889
0 0.488281 0.811111 0.048438 0.066667
0 0.465625 0.773611 0.046875 0.058333
0 0.425781 0.858333 0.051562 0.061111
0 0.427344 0.765278 0.045312 0.058333
0 0.379688 0.859722 0.056250 0.069444
0 0.317969 0.880556 0.057813 0.077778
0 0.360156 0.801389 0.054688 0.052778
0 0.406250 0.734722 0.046875 0.058333
0 0.586719 0.556944 0.029687 0.075000
0 0.753125 0.718056 0.068750 0.041667
0 0.739844 0.122222 0.035937 0.050000
0 0.604688 0.326389 0.034375 0.036111
0 0.348438 0.623611 0.031250 0.047222
0 0.364844 0.652778 0.035937 0.038889
0 0.425000 0.619444 0.034375 0.055556
0 0.486719 0.513889 0.042188 0.050000
0 0.435156 0.540278 0.026562 0.063889
0 0.292969 0.773611 0.042188 0.086111
