0 0.743750 0.745833 0.093750 0.158333
0 0.679688 0.756944 0.109375 0.180556
0 0.900000 0.673611 0.103125 0.152778
0 0.871094 0.491667 0.092188 0.116667
0 0.950781 0.606944 0.089063 0.119444
0 0.920312 0.451389 0.040625 0.075000
0 0.586719 0.483333 0.017188 0.066667
0 0.417969 0.361111 0.107813 0.066667
0 0.232031 0.741667 0.085938 0.155556
0 0.504687 0.972222 0.068750 0.055556
0 0.514844 0.926389 0.048438 0.058333
0 0.450000 0.911111 0.053125 0.066667
0 0.434375 0.788889 0.040625 0.055556
0 0.353906 0.762500 0.039062 0.063889
0 0.360938 0.673611 0.037500 0.047222
0 0.303125 0.661111 0.040625 0.050000
0 0.296875 0.576389 0.031250 0.052778
0 0.228906 0.479167 0.029687 0.058333
0 0.174219 0.565278 0.032813 0.075000
0 0.160938 0.465278 0.037500 0.080556
0 0.108594 0.445833 0.026562 0.052778
0 0.106250 0.308333 0.050000 0.083333
0 0.596875 0.331944 0.046875 0.047222
0 0.842187 0.220833 0.071875 0.075000
0 0.901563 0.163889 0.065625 0.072222
0 0.925000 0.286111 0.084375 0.111111
0 0.919531 0.963889 0.064062 0.061111
0 0.907031 0.837500 0.051562 0.075000
0 0.987500 0.904167 0.021875 0.069444
