0 0.189062 0.969444 0.071875 0.061111
0 0.346875 0.930556 0.081250 0.111111
0 0.231250 0.668056 0.106250 0.152778
0 0.323437 0.683333 0.071875 0.066667
0 0.567187 0.809722 0.059375 0.080556
0 0.646094 0.612500 0.045312 0.063889
0 0.612500 0.561111 0.034375 0.044444
0 0.630469 0.519444 0.026562 0.044444
0 0.568750 0.404167 0.037500 0.047222
0 0.705469 0.422222 0.029687 0.038889
0 0.665625 0.413889 0.021875 0.033333
0 0.685156 0.361111 0.029687 0.038889
0 0.700781 0.306944 0.017188 0.030556
0 0.723437 0.281944 0.015625 0.047222
