0 0.064062 0.819444 0.125000 0.211111
0 0.060156 0.920833 0.073438 0.097222
0 0.227344 0.765278 0.076563 0.069444
0 0.243750 0.684722 0.078125 0.075000
0 0.432031 0.676389 0.070312 0.080556
0 0.360938 0.602778 0.053125 0.050000
0 0.507031 0.606944 0.057813 0.052778
0 0.767969 0.841667 0.092188 0.066667
0 0.464844 0.572222 0.054688 0.061111
0 0.442188 0.540278 0.065625 0.052778
0 0.414844 0.531944 0.057813 0.052778
0 0.573438 0.551389 0.059375 0.041667
0 0.550781 0.515278 0.048438 0.036111
0 0.509375 0.490278 0.050000 0.052778
0 0.517969 0.436111 0.114062 0.111111
0 0.561719 0.481944 0.042188 0.047222
0 0.581250 0.437500 0.043750 0.019444
0 0.621875 0.497222 0.043750 0.038889
0 0.628906 0.443056 0.042188 0.041667
0 0.719531 0.540278 0.032813 0.080556
0 0.771094 0.497222 0.029687 0.066667
0 0.802344 0.448611 0.029687 0.047222
0 0.861719 0.477778 0.101562 0.116667
0 0.970313 0.388889 0.034375 0.038889
0 0.807813 0.402778 0.040625 0.044444
0 0.835156 0.380556 0.039062 0.044444
0 0.897656 0.344444 0.039062 0.033333
0 0.979688 0.305556 0.037500 0.038889
0 0.930469 0.329167 0.023438 0.030556
0 0.124219 0.313889 0.045312 0.061111
0 0.061719 0.263889 0.023438 0.033333
0 0.010156 0.266667 0.017188 0.016667
0 0.088281 0.297222 0.020313 0.022222
0 0.095312 0.279167 0.012500 0.025000
0 0.182812 0.363889 0.031250 0.038889
0 0.189062 0.331944 0.028125 0.036111
0 0.221875 0.384722 0.034375 0.036111
0 0.260156 0.402778 0.032813 0.033333
0 0.311719 0.419444 0.039062 0.038889
0 0.384375 0.395833 0.046875 0.036111
0 0.336719 0.370833 0.029687 0.036111
0 0.301563 0.384722 0.025000 0.025000
0 0.293750 0.356944 0.031250 0.025000
0 0.766406 0.377778 0.092188 0.105556
0 0.880469 0.261111 0.042188 0.055556
