0 0.086719 0.304167 0.039062 0.041667
0 0.154688 0.305556 0.034375 0.033333
0 0.090625 0.497222 0.043750 0.055556
0 0.349219 0.791667 0.089063 0.077778
0 0.465625 0.818056 0.096875 0.075000
0 0.430469 0.790278 0.082812 0.080556
0 0.412500 0.693056 0.075000 0.075000
0 0.565625 0.655556 0.100000 0.077778
0 0.521094 0.615278 0.079687 0.063889
0 0.442969 0.543056 0.073438 0.063889
0 0.512500 0.529167 0.071875 0.058333
0 0.606250 0.380556 0.112500 0.100000
0 0.587500 0.456944 0.056250 0.052778
0 0.692969 0.551389 0.073438 0.047222
0 0.717969 0.591667 0.060937 0.055556
0 0.708594 0.416667 0.051562 0.044444
0 0.711719 0.388889 0.051562 0.038889
0 0.759375 0.386111 0.043750 0.044444
0 0.831250 0.348611 0.043750 0.041667
0 0.884375 0.313889 0.056250 0.061111
0 0.241406 0.968056 0.098437 0.063889
