0 0.125000 0.980556 0.071875 0.027778
0 0.355469 0.937500 0.079687 0.119444
0 0.223438 0.866667 0.087500 0.116667
0 0.315625 0.723611 0.046875 0.091667
0 0.381250 0.713889 0.087500 0.161111
0 0.371094 0.644444 0.051562 0.066667
0 0.437500 0.737500 0.059375 0.080556
0 0.471875 0.908333 0.065625 0.094444
0 0.557031 0.915278 0.060937 0.108333
0 0.484375 0.643056 0.043750 0.075000
0 0.460156 0.613889 0.051562 0.066667
0 0.431250 0.536111 0.043750 0.072222
0 0.407813 0.501389 0.040625 0.047222
0 0.546094 0.562500 0.039062 0.058333
0 0.539844 0.758333 0.051562 0.077778
0 0.618750 0.756944 0.053125 0.086111
0 0.579688 0.669444 0.037500 0.061111
0 0.600000 0.598611 0.040625 0.052778
0 0.621094 0.544444 0.032813 0.038889
0 0.700000 0.438889 0.025000 0.033333
0 0.712500 0.369444 0.018750 0.044444
0 0.656250 0.441667 0.034375 0.038889
0 0.645312 0.481944 0.037500 0.036111
0 0.559375 0.487500 0.034375 0.063889
0 0.502344 0.531944 0.045312 0.058333
0 0.482812 0.470833 0.028125 0.058333
0 0.449219 0.448611 0.032813 0.052778
0 0.502344 0.433333 0.029687 0.038889
0 0.536719 0.408333 0.020313 0.044444
0 0.582031 0.434722 0.032813 0.041667
0 0.579688 0.386111 0.028125 0.038889
0 0.560937 0.368056 0.018750 0.019444
0 0.532813 0.359722 0.018750 0.052778
0 0.667969 0.372222 0.029687 0.038889
0 0.736719 0.241667 0.014063 0.033333
