0 0.229687 0.968056 0.071875 0.052778
0 0.317188 0.968056 0.068750 0.052778
0 0.209375 0.890278 0.078125 0.119444
0 0.188281 0.798611 0.079687 0.080556
0 0.301563 0.755556 0.068750 0.088889
0 0.361719 0.741667 0.060937 0.111111
0 0.296875 0.869444 0.068750 0.100000
0 0.379688 0.877778 0.059375 0.105556
0 0.426563 0.770833 0.062500 0.091667
0 0.557813 0.723611 0.053125 0.069444
0 0.529687 0.559722 0.043750 0.113889
0 0.328125 0.622222 0.056250 0.083333
0 0.410938 0.538889 0.031250 0.061111
0 0.485156 0.401389 0.064062 0.108333
0 0.528906 0.476389 0.032813 0.047222
0 0.508594 0.423611 0.032813 0.041667
0 0.667969 0.588889 0.032813 0.055556
0 0.646094 0.509722 0.026562 0.047222
0 0.585156 0.380556 0.029687 0.038889
0 0.529687 0.368056 0.021875 0.036111
0 0.550000 0.337500 0.031250 0.025000
0 0.696094 0.372222 0.023438 0.038889
0 0.685937 0.323611 0.025000 0.030556
0 0.728125 0.351389 0.025000 0.036111
0 0.597656 0.318056 0.023438 0.036111
0 0.632812 0.304167 0.018750 0.036111
0 0.631250 0.244444 0.018750 0.038889
