0 0.394531 0.545833 0.154688 0.180556
0 0.607031 0.423611 0.120313 0.119444
0 0.702344 0.633333 0.082812 0.200000
0 0.453125 0.780556 0.084375 0.094444
0 0.294531 0.784722 0.082812 0.080556
0 0.246094 0.962500 0.095312 0.075000
0 0.915625 0.405556 0.084375 0.105556
0 0.260937 0.431944 0.087500 0.108333
0 0.306250 0.402778 0.100000 0.100000
0 0.801562 0.368056 0.034375 0.030556
0 0.846094 0.375000 0.035937 0.038889
0 0.939844 0.308333 0.035937 0.033333
0 0.888281 0.338889 0.032813 0.027778
0 0.853125 0.322222 0.034375 0.022222
0 0.660156 0.331944 0.048438 0.030556
0 0.214844 0.359722 0.070312 0.069444
0 0.200781 0.404167 0.023438 0.052778
0 0.164844 0.377778 0.035937 0.038889
0 0.132812 0.365278 0.021875 0.025000
0 0.091406 0.369444 0.023438 0.033333
0 0.017188 0.287500 0.031250 0.041667
0 0.056250 0.320833 0.021875 0.025000
0 0.079687 0.334722 0.025000 0.036111
0 0.225000 0.283333 0.021875 0.033333
0 0.226562 0.258333 0.021875 0.022222
0 0.275000 0.318056 0.034375 0.036111
0 0.171875 0.304167 0.031250 0.030556
0 0.135937 0.288889 0.031250 0.027778
0 0.100000 0.276389 0.031250 0.025000
0 0.082031 0.247222 0.029687 0.016667
