0 0.367188 0.615278 0.131250 0.219444
0 0.378125 0.831944 0.103125 0.202778
0 0.489063 0.922222 0.075000 0.111111
0 0.561719 0.927778 0.092188 0.144444
0 0.443750 0.701389 0.056250 0.075000
0 0.580469 0.672222 0.032813 0.072222
0 0.656250 0.558333 0.025000 0.050000
0 0.553906 0.363889 0.045312 0.088889
0 0.574219 0.420833 0.023438 0.052778
0 0.679688 0.325000 0.028125 0.061111
0 0.642188 0.472222 0.025000 0.050000
0 0.671094 0.400000 0.020313 0.044444
0 0.600000 0.336111 0.021875 0.061111
0 0.588281 0.284722 0.026562 0.030556
0 0.707812 0.358333 0.031250 0.033333
0 0.719531 0.283333 0.023438 0.033333
