0 0.205469 0.945833 0.104688 0.097222
0 0.232031 0.787500 0.079687 0.091667
0 0.300781 0.830556 0.067187 0.088889
0 0.229687 0.673611 0.093750 0.141667
0 0.581250 0.804167 0.056250 0.097222
0 0.573438 0.668056 0.043750 0.047222
0 0.655469 0.612500 0.045312 0.069444
0 0.503906 0.597222 0.042188 0.072222
0 0.460156 0.488889 0.035937 0.066667
0 0.610938 0.586111 0.031250 0.050000
0 0.633594 0.497222 0.032813 0.044444
0 0.667188 0.531944 0.031250 0.047222
0 0.699219 0.397222 0.026562 0.033333
0 0.655469 0.430556 0.023438 0.055556
0 0.712500 0.355556 0.018750 0.044444
0 0.707812 0.245833 0.021875 0.036111
