0 0.573438 0.920833 0.075000 0.119444
0 0.682813 0.861111 0.078125 0.094444
0 0.625781 0.751389 0.064062 0.075000
0 0.578125 0.684722 0.046875 0.069444
0 0.542188 0.613889 0.046875 0.055556
0 0.531250 0.694444 0.046875 0.072222
0 0.499219 0.618056 0.045312 0.075000
0 0.452344 0.636111 0.039062 0.077778
0 0.476562 0.705556 0.037500 0.061111
0 0.516406 0.797222 0.057813 0.083333
0 0.128906 0.441667 0.060937 0.038889
0 0.144531 0.419444 0.060937 0.033333
0 0.129688 0.390278 0.059375 0.036111
0 0.202344 0.420833 0.048438 0.041667
0 0.264844 0.441667 0.060937 0.050000
0 0.267969 0.369444 0.048438 0.055556
0 0.351562 0.337500 0.056250 0.036111
0 0.382812 0.352778 0.046875 0.038889
0 0.579688 0.305556 0.050000 0.033333
0 0.254688 0.261111 0.018750 0.038889
0 0.246094 0.236111 0.020313 0.038889
