0 0.178906 0.919444 0.095312 0.144444
0 0.228906 0.972222 0.070312 0.055556
0 0.343750 0.940278 0.062500 0.113889
0 0.302344 0.887500 0.076563 0.113889
0 0.250000 0.822222 0.071875 0.100000
0 0.232031 0.755556 0.051562 0.077778
0 0.301563 0.731944 0.053125 0.063889
0 0.342969 0.788889 0.060937 0.088889
0 0.417187 0.819444 0.065625 0.100000
0 0.464844 0.720833 0.045312 0.091667
0 0.395313 0.709722 0.056250 0.091667
0 0.349219 0.647222 0.054688 0.105556
0 0.298438 0.656944 0.053125 0.069444
0 0.401562 0.598611 0.046875 0.058333
0 0.429688 0.647222 0.040625 0.061111
0 0.511719 0.659722 0.048438 0.063889
0 0.515625 0.862500 0.068750 0.091667
0 0.561719 0.933333 0.051562 0.088889
0 0.559375 0.719444 0.050000 0.077778
0 0.621875 0.730556 0.053125 0.077778
0 0.600000 0.618056 0.037500 0.058333
0 0.625781 0.526389 0.042188 0.080556
0 0.658594 0.587500 0.029687 0.052778
0 0.477344 0.608333 0.039062 0.061111
0 0.529687 0.597222 0.031250 0.044444
0 0.546875 0.541667 0.021875 0.055556
0 0.683594 0.538889 0.020313 0.038889
0 0.652344 0.411111 0.029687 0.044444
0 0.646094 0.484722 0.026562 0.041667
0 0.485156 0.565278 0.032813 0.052778
0 0.433594 0.548611 0.032813 0.075000
0 0.467187 0.500000 0.031250 0.061111
0 0.506250 0.512500 0.034375 0.058333
0 0.482031 0.423611 0.039062 0.041667
0 0.532813 0.404167 0.037500 0.063889
0 0.540625 0.458333 0.021875 0.055556
0 0.572656 0.502778 0.023438 0.050000
0 0.574219 0.445833 0.020313 0.047222
0 0.575781 0.404167 0.020313 0.036111
0 0.694531 0.388889 0.023438 0.050000
0 0.671094 0.344444 0.017188 0.033333
0 0.593750 0.375000 0.015625 0.050000
0 0.562500 0.362500 0.025000 0.036111
