0 0.021875 0.490278 0.040625 0.063889
0 0.087500 0.515278 0.087500 0.091667
0 0.185938 0.556944 0.096875 0.080556
0 0.229687 0.534722 0.103125 0.091667
0 0.390625 0.665278 0.053125 0.069444
0 0.356250 0.827778 0.040625 0.066667
0 0.306250 0.911111 0.050000 0.072222
0 0.260937 0.980556 0.043750 0.027778
0 0.378125 0.965278 0.068750 0.063889
0 0.530469 0.811111 0.098437 0.188889
0 0.544531 0.611111 0.042188 0.066667
0 0.500781 0.611111 0.039062 0.044444
0 0.625000 0.395833 0.059375 0.091667
0 0.599219 0.654167 0.042188 0.058333
0 0.742969 0.597222 0.060937 0.033333
0 0.829688 0.601389 0.050000 0.041667
0 0.756250 0.552778 0.056250 0.038889
0 0.971875 0.630556 0.056250 0.038889
0 0.830469 0.408333 0.048438 0.044444
0 0.247656 0.466667 0.035937 0.033333
0 0.267969 0.445833 0.039062 0.030556
0 0.136719 0.458333 0.042188 0.038889
0 0.178906 0.476389 0.039062 0.041667
0 0.407031 0.813889 0.042188 0.061111
0 0.459375 0.794444 0.053125 0.066667
0 0.443750 0.752778 0.053125 0.050000
0 0.404687 0.559722 0.037500 0.058333
0 0.635938 0.236111 0.034375 0.022222
