0 0.423438 0.658333 0.175000 0.172222
0 0.147656 0.913889 0.089063 0.088889
0 0.135156 0.972222 0.092188 0.044444
0 0.217969 0.981944 0.073438 0.036111
0 0.231250 0.905556 0.087500 0.088889
0 0.253906 0.822222 0.082812 0.088889
0 0.516406 0.688889 0.064062 0.066667
0 0.523438 0.776389 0.084375 0.075000
0 0.435937 0.841667 0.084375 0.077778
0 0.442188 0.775000 0.078125 0.077778
0 0.350000 0.925000 0.093750 0.083333
0 0.336719 0.845833 0.089063 0.086111
0 0.533594 0.408333 0.045312 0.050000
0 0.288281 0.318056 0.039062 0.036111
0 0.793750 0.300000 0.084375 0.050000
0 0.910156 0.268056 0.076563 0.047222
0 0.978906 0.276389 0.032813 0.030556
0 0.937500 0.318056 0.034375 0.036111
0 0.138281 0.262500 0.029687 0.025000
0 0.024219 0.269444 0.029687 0.027778
0 0.728906 0.344444 0.045312 0.022222
0 0.764062 0.354167 0.043750 0.036111
0 0.798438 0.386111 0.037500 0.033333
0 0.823438 0.404167 0.046875 0.052778
0 0.842969 0.345833 0.042188 0.041667
0 0.814063 0.348611 0.031250 0.025000
