0 0.048438 0.965278 0.087500 0.069444
0 0.157031 0.834722 0.092188 0.130556
0 0.564844 0.744444 0.051562 0.077778
0 0.671094 0.543056 0.042188 0.063889
0 0.684375 0.416667 0.025000 0.055556
0 0.511719 0.443056 0.042188 0.047222
0 0.510156 0.387500 0.032813 0.041667
0 0.542188 0.406944 0.031250 0.030556
0 0.585938 0.376389 0.028125 0.052778
0 0.539062 0.350000 0.021875 0.044444
0 0.590625 0.293056 0.021875 0.036111
0 0.632031 0.290278 0.020313 0.025000
0 0.624219 0.263889 0.023438 0.033333
0 0.653125 0.244444 0.015625 0.033333
