0 0.444531 0.443056 0.076563 0.108333
0 0.488281 0.444444 0.020313 0.055556
0 0.480469 0.501389 0.035937 0.041667
0 0.515625 0.484722 0.034375 0.041667
0 0.320312 0.631944 0.125000 0.202778
0 0.609375 0.575000 0.034375 0.061111
0 0.584375 0.479167 0.025000 0.052778
0 0.391406 0.629167 0.048438 0.058333
0 0.296875 0.768056 0.050000 0.058333
0 0.321094 0.786111 0.048438 0.072222
0 0.205469 0.965278 0.057813 0.063889
0 0.279687 0.950000 0.068750 0.077778
0 0.332031 0.869444 0.051562 0.066667
0 0.314063 0.979167 0.050000 0.036111
0 0.382812 0.945833 0.056250 0.069444
0 0.353906 0.905556 0.057813 0.072222
0 0.402344 0.820833 0.048438 0.063889
0 0.410938 0.729167 0.040625 0.063889
0 0.371094 0.791667 0.048438 0.055556
0 0.432812 0.745833 0.050000 0.069444
0 0.467187 0.777778 0.037500 0.055556
0 0.425781 0.856944 0.051562 0.063889
0 0.450000 0.912500 0.062500 0.075000
0 0.417969 0.977778 0.045312 0.038889
0 0.462500 0.975000 0.028125 0.050000
0 0.497656 0.894444 0.042188 0.066667
0 0.538281 0.794444 0.045312 0.077778
0 0.491406 0.808333 0.042188 0.066667
0 0.292969 0.461111 0.060937 0.050000
0 0.146094 0.461111 0.045312 0.027778
0 0.169531 0.493056 0.042188 0.025000
0 0.189062 0.470833 0.034375 0.025000
0 0.232813 0.486111 0.037500 0.033333
0 0.200000 0.531944 0.046875 0.025000
0 0.230469 0.513889 0.045312 0.022222
0 0.287500 0.501389 0.046875 0.019444
0 0.283594 0.533333 0.032813 0.038889
0 0.756250 0.558333 0.056250 0.033333
0 0.555469 0.415278 0.026562 0.036111
0 0.546875 0.380556 0.025000 0.038889
0 0.584375 0.370833 0.031250 0.041667
0 0.613281 0.379167 0.026562 0.041667
0 0.724219 0.300000 0.026562 0.033333
0 0.646094 0.306944 0.026562 0.041667
0 0.600781 0.304167 0.032813 0.036111
0 0.602344 0.262500 0.020313 0.025000
0 0.632031 0.259722 0.023438 0.030556
0 0.667188 0.244444 0.021875 0.033333
0 0.667969 0.179167 0.023438 0.025000
0 0.725781 0.144444 0.017188 0.022222
