0 0.063281 0.777778 0.123438 0.194444
0 0.107031 0.809722 0.095312 0.091667
0 0.309375 0.947222 0.090625 0.077778
0 0.527344 0.827778 0.089063 0.050000
0 0.366406 0.579167 0.060937 0.058333
0 0.515625 0.551389 0.040625 0.058333
0 0.249219 0.411111 0.042188 0.038889
0 0.306250 0.440278 0.043750 0.036111
0 0.336719 0.429167 0.042188 0.041667
0 0.285938 0.395833 0.037500 0.030556
0 0.269531 0.366667 0.032813 0.027778
0 0.316406 0.386111 0.039062 0.033333
0 0.360156 0.412500 0.051562 0.036111
0 0.380469 0.401389 0.042188 0.036111
0 0.591406 0.402778 0.076563 0.111111
0 0.528125 0.461111 0.031250 0.044444
0 0.510156 0.401389 0.042188 0.030556
0 0.507031 0.348611 0.048438 0.025000
0 0.751563 0.311111 0.046875 0.027778
0 0.676562 0.398611 0.037500 0.041667
0 0.871875 0.291667 0.037500 0.044444
0 0.939063 0.280556 0.034375 0.033333
