0 0.049219 0.697222 0.051562 0.077778
0 0.020313 0.212500 0.037500 0.036111
0 0.008594 0.272222 0.014063 0.038889
0 0.032031 0.251389 0.029687 0.030556
0 0.068750 0.269444 0.025000 0.027778
0 0.068750 0.305556 0.028125 0.027778
0 0.105469 0.325000 0.026562 0.038889
0 0.135937 0.312500 0.028125 0.025000
0 0.155469 0.347222 0.029687 0.027778
0 0.209375 0.376389 0.028125 0.041667
0 0.207031 0.320833 0.023438 0.025000
0 0.240625 0.362500 0.037500 0.047222
0 0.275000 0.351389 0.034375 0.041667
0 0.321094 0.395833 0.039062 0.036111
0 0.347656 0.440278 0.048438 0.047222
0 0.357031 0.386111 0.039062 0.033333
0 0.367188 0.323611 0.043750 0.030556
0 0.479687 0.495833 0.065625 0.063889
0 0.474219 0.455556 0.048438 0.055556
0 0.482031 0.390278 0.042188 0.025000
0 0.465625 0.365278 0.043750 0.025000
0 0.496094 0.347222 0.039062 0.033333
0 0.640625 0.530556 0.046875 0.077778
0 0.696875 0.513889 0.046875 0.072222
0 0.752344 0.676389 0.067187 0.097222
0 0.975781 0.566667 0.048438 0.033333
0 0.966406 0.487500 0.048438 0.047222
0 0.934375 0.513889 0.068750 0.050000
0 0.821094 0.477778 0.060937 0.044444
0 0.786719 0.512500 0.060937 0.058333
0 0.619531 0.445833 0.057813 0.052778
0 0.590625 0.384722 0.040625 0.041667
0 0.774219 0.411111 0.142187 0.072222
0 0.838281 0.356944 0.042188 0.030556
0 0.803125 0.345833 0.028125 0.030556
