0 0.123438 0.319444 0.084375 0.072222
0 0.291406 0.405556 0.089063 0.083333
0 0.216406 0.356944 0.029687 0.047222
0 0.088281 0.966667 0.082812 0.044444
0 0.160156 0.959722 0.092188 0.069444
0 0.338281 0.894444 0.239063 0.183333
0 0.225000 0.848611 0.081250 0.086111
0 0.345313 0.816667 0.090625 0.077778
0 0.375000 0.715278 0.087500 0.091667
0 0.523438 0.762500 0.084375 0.102778
0 0.673438 0.631944 0.059375 0.058333
0 0.597656 0.652778 0.054688 0.055556
0 0.551562 0.605556 0.146875 0.155556
0 0.407813 0.552778 0.062500 0.072222
0 0.524219 0.531944 0.032813 0.047222
0 0.533594 0.491667 0.060937 0.044444
0 0.550781 0.437500 0.048438 0.041667
0 0.613281 0.473611 0.048438 0.047222
0 0.703906 0.523611 0.042188 0.047222
0 0.792969 0.518056 0.045312 0.047222
0 0.635156 0.427778 0.048438 0.044444
0 0.636719 0.393056 0.045312 0.030556
0 0.719531 0.408333 0.045312 0.044444
0 0.742188 0.369444 0.043750 0.038889
0 0.835938 0.380556 0.043750 0.038889
0 0.902344 0.327778 0.089063 0.072222
0 0.855469 0.309722 0.039062 0.030556
0 0.799219 0.361111 0.032813 0.033333
0 0.767969 0.331944 0.023438 0.025000
0 0.959375 0.311111 0.025000 0.027778
0 0.457813 0.329167 0.040625 0.025000
0 0.358594 0.406944 0.026562 0.041667
0 0.372656 0.387500 0.035937 0.025000
0 0.057813 0.270833 0.040625 0.025000
0 0.070312 0.231944 0.031250 0.019444
0 0.014063 0.202778 0.025000 0.033333
0 0.014844 0.236111 0.026562 0.022222
