0 0.315625 0.909722 0.100000 0.086111
0 0.017188 0.947222 0.031250 0.072222
0 0.051562 0.852778 0.090625 0.088889
0 0.029687 0.762500 0.056250 0.163889
0 0.150781 0.637500 0.151562 0.186111
0 0.126562 0.741667 0.075000 0.083333
0 0.150000 0.833333 0.075000 0.083333
0 0.174219 0.756944 0.070312 0.075000
0 0.220312 0.668056 0.053125 0.075000
0 0.274219 0.666667 0.067187 0.072222
0 0.253906 0.734722 0.064062 0.069444
0 0.280469 0.802778 0.067187 0.072222
0 0.360938 0.648611 0.071875 0.075000
0 0.325000 0.586111 0.040625 0.050000
0 0.369531 0.591667 0.054688 0.061111
0 0.441406 0.594444 0.060937 0.055556
0 0.382812 0.538889 0.050000 0.061111
0 0.436719 0.536111 0.057813 0.055556
0 0.496094 0.495833 0.054688 0.047222
0 0.621875 0.625000 0.065625 0.066667
0 0.582031 0.494444 0.060937 0.044444
0 0.522656 0.444444 0.039062 0.044444
0 0.450781 0.447222 0.045312 0.044444
0 0.373437 0.443056 0.043750 0.025000
0 0.671094 0.450000 0.045312 0.044444
0 0.689844 0.419444 0.051562 0.038889
0 0.851562 0.441667 0.140625 0.088889
0 0.885156 0.512500 0.064062 0.041667
0 0.977344 0.523611 0.045312 0.047222
0 0.775781 0.344444 0.085938 0.083333
0 0.851562 0.295833 0.075000 0.063889
0 0.360156 0.402778 0.045312 0.033333
0 0.302344 0.383333 0.039062 0.038889
0 0.322656 0.366667 0.029687 0.038889
0 0.335938 0.336111 0.031250 0.016667
0 0.263281 0.402778 0.039062 0.050000
0 0.214062 0.375000 0.028125 0.038889
0 0.156250 0.347222 0.043750 0.038889
0 0.116406 0.255556 0.057813 0.055556
0 0.160156 0.262500 0.029687 0.041667
0 0.071094 0.240278 0.017188 0.025000
0 0.032031 0.238889 0.026562 0.033333
0 0.395313 0.351389 0.043750 0.036111
