0 0.098437 0.900000 0.109375 0.138889
0 0.142187 0.940278 0.109375 0.113889
0 0.286719 0.897222 0.076563 0.116667
0 0.337500 0.961111 0.081250 0.077778
0 0.225781 0.865278 0.070312 0.113889
0 0.268750 0.775000 0.065625 0.111111
0 0.324219 0.712500 0.060937 0.086111
0 0.404687 0.658333 0.096875 0.166667
0 0.366406 0.641667 0.048438 0.072222
0 0.370312 0.565278 0.053125 0.058333
0 0.454688 0.800000 0.065625 0.105556
0 0.378125 0.865278 0.062500 0.102778
0 0.487500 0.716667 0.050000 0.077778
0 0.571094 0.687500 0.057813 0.113889
0 0.627344 0.711111 0.073438 0.122222
0 0.660937 0.566667 0.043750 0.061111
0 0.658594 0.450000 0.035937 0.050000
0 0.678906 0.370833 0.039062 0.058333
0 0.717187 0.345833 0.025000 0.041667
0 0.721094 0.268056 0.023438 0.041667
0 0.714844 0.219444 0.020313 0.016667
0 0.721875 0.197222 0.018750 0.022222
0 0.500781 0.634722 0.048438 0.086111
0 0.523438 0.575000 0.040625 0.055556
0 0.547656 0.527778 0.032813 0.044444
0 0.583594 0.504167 0.035937 0.063889
0 0.505469 0.518056 0.057813 0.113889
0 0.457031 0.511111 0.048438 0.055556
0 0.421875 0.490278 0.043750 0.058333
0 0.468750 0.452778 0.031250 0.050000
0 0.484375 0.398611 0.034375 0.036111
0 0.512500 0.431944 0.034375 0.058333
0 0.517969 0.376389 0.029687 0.047222
0 0.548438 0.458333 0.028125 0.044444
0 0.566406 0.358333 0.020313 0.038889
