0 0.163281 0.709722 0.167187 0.219444
0 0.025000 0.922222 0.046875 0.105556
0 0.014844 0.848611 0.026562 0.086111
0 0.055469 0.711111 0.045312 0.100000
0 0.361719 0.447222 0.057813 0.033333
0 0.267188 0.395833 0.040625 0.036111
0 0.360938 0.408333 0.046875 0.027778
0 0.438281 0.416667 0.039062 0.044444
0 0.464062 0.462500 0.056250 0.047222
0 0.553125 0.388889 0.053125 0.027778
0 0.595313 0.609722 0.050000 0.058333
0 0.624219 0.530556 0.057813 0.055556
0 0.682813 0.515278 0.059375 0.041667
0 0.825781 0.488889 0.060937 0.038889
0 0.796094 0.452778 0.057813 0.022222
0 0.729688 0.415278 0.053125 0.036111
0 0.797656 0.365278 0.032813 0.025000
0 0.776563 0.350000 0.028125 0.033333
0 0.927344 0.554167 0.067187 0.058333
0 0.853906 0.448611 0.051562 0.052778
0 0.942187 0.506944 0.056250 0.036111
0 0.990625 0.490278 0.018750 0.030556
