0 0.948438 0.608333 0.100000 0.116667
0 0.982812 0.545833 0.034375 0.047222
0 0.871875 0.494444 0.106250 0.094444
0 0.912500 0.450000 0.050000 0.044444
0 0.924219 0.279167 0.082812 0.069444
0 0.907813 0.158333 0.056250 0.055556
0 0.792969 0.269444 0.073438 0.072222
0 0.846875 0.187500 0.025000 0.025000
0 0.810156 0.200000 0.032813 0.022222
0 0.724219 0.254167 0.029687 0.030556
0 0.898438 0.672222 0.096875 0.150000
0 0.747656 0.743056 0.092188 0.136111
0 0.686719 0.758333 0.098437 0.183333
0 0.588281 0.516667 0.051562 0.138889
0 0.684375 0.366667 0.025000 0.050000
0 0.606250 0.333333 0.043750 0.050000
0 0.460938 0.368056 0.040625 0.030556
0 0.401562 0.401389 0.043750 0.036111
0 0.350000 0.331944 0.037500 0.030556
0 0.303125 0.301389 0.021875 0.036111
0 0.292969 0.334722 0.020313 0.030556
0 0.248438 0.325000 0.028125 0.038889
0 0.244531 0.273611 0.026562 0.041667
0 0.156250 0.106944 0.037500 0.063889
0 0.100000 0.166667 0.021875 0.022222
0 0.076563 0.304167 0.043750 0.102778
0 0.183594 0.469444 0.048438 0.105556
0 0.238281 0.452778 0.026562 0.050000
0 0.199219 0.393056 0.029687 0.052778
0 0.212500 0.469444 0.021875 0.033333
0 0.159375 0.368056 0.021875 0.030556
0 0.113281 0.302778 0.017188 0.038889
0 0.123438 0.368056 0.018750 0.047222
0 0.263281 0.516667 0.035937 0.033333
0 0.125781 0.493056 0.026562 0.058333
0 0.109375 0.461111 0.025000 0.044444
0 0.132031 0.538889 0.026562 0.038889
0 0.121094 0.602778 0.029687 0.055556
0 0.231250 0.708333 0.034375 0.044444
0 0.289844 0.729167 0.039062 0.052778
0 0.302344 0.572222 0.035937 0.050000
0 0.294531 0.630556 0.035937 0.050000
0 0.330469 0.619444 0.032813 0.044444
0 0.315625 0.681944 0.034375 0.041667
0 0.360938 0.673611 0.037500 0.036111
0 0.396875 0.738889 0.037500 0.055556
0 0.347656 0.736111 0.045312 0.055556
0 0.350781 0.855556 0.107813 0.161111
0 0.323437 0.930556 0.040625 0.050000
0 0.361719 0.981944 0.057813 0.036111
0 0.416406 0.977778 0.045312 0.044444
0 0.382031 0.804167 0.039062 0.063889
0 0.419531 0.862500 0.045312 0.058333
0 0.445312 0.684722 0.046875 0.058333
0 0.556250 0.793056 0.059375 0.052778
0 0.606250 0.637500 0.031250 0.063889
0 0.629687 0.737500 0.053125 0.069444
0 0.582812 0.663889 0.040625 0.055556
0 0.542188 0.606944 0.034375 0.058333
0 0.536719 0.848611 0.051562 0.058333
0 0.485938 0.873611 0.046875 0.058333
0 0.447656 0.801389 0.042188 0.069444
0 0.532813 0.954167 0.034375 0.058333
0 0.457031 0.943056 0.060937 0.058333
0 0.969531 0.865278 0.057813 0.047222
