0 0.588281 0.963889 0.054688 0.072222
0 0.678125 0.805556 0.053125 0.088889
0 0.532031 0.845833 0.067187 0.113889
0 0.575781 0.659722 0.045312 0.069444
0 0.536719 0.694444 0.057813 0.077778
0 0.488281 0.722222 0.054688 0.072222
0 0.447656 0.636111 0.042188 0.066667
0 0.502344 0.608333 0.048438 0.077778
0 0.537500 0.583333 0.046875 0.055556
0 0.653125 0.280556 0.040625 0.033333
0 0.331250 0.323611 0.040625 0.030556
0 0.317969 0.226389 0.032813 0.036111
0 0.282031 0.255556 0.014063 0.044444
0 0.261719 0.269444 0.017188 0.038889
0 0.248438 0.243056 0.021875 0.030556
0 0.294531 0.169444 0.029687 0.050000
0 0.168750 0.312500 0.037500 0.041667
