0 0.209375 0.879167 0.093750 0.119444
0 0.275000 0.913889 0.109375 0.122222
0 0.131250 0.972222 0.090625 0.055556
0 0.234375 0.777778 0.075000 0.094444
0 0.246875 0.694444 0.081250 0.088889
0 0.515625 0.880556 0.078125 0.105556
0 0.577344 0.698611 0.060937 0.080556
0 0.637500 0.700000 0.062500 0.083333
0 0.625000 0.565278 0.056250 0.086111
0 0.643750 0.491667 0.031250 0.050000
0 0.671094 0.448611 0.026562 0.041667
0 0.675000 0.395833 0.025000 0.041667
0 0.698438 0.354167 0.034375 0.041667
0 0.721875 0.241667 0.021875 0.027778
0 0.709375 0.204167 0.018750 0.019444
0 0.733594 0.188889 0.010937 0.022222
0 0.439844 0.729167 0.089063 0.163889
0 0.325000 0.704167 0.059375 0.080556
0 0.317188 0.620833 0.065625 0.075000
0 0.377344 0.641667 0.048438 0.066667
0 0.418750 0.655556 0.056250 0.083333
0 0.503125 0.673611 0.043750 0.091667
0 0.537500 0.590278 0.037500 0.075000
0 0.489063 0.561111 0.050000 0.055556
0 0.417969 0.568056 0.045312 0.069444
0 0.374219 0.580556 0.045312 0.072222
0 0.427344 0.490278 0.045312 0.058333
0 0.474219 0.504167 0.042188 0.063889
0 0.571875 0.480556 0.031250 0.055556
0 0.454688 0.441667 0.031250 0.044444
0 0.489844 0.441667 0.023438 0.055556
0 0.515625 0.440278 0.028125 0.041667
0 0.490625 0.393056 0.034375 0.036111
0 0.581250 0.441667 0.021875 0.044444
0 0.542188 0.341667 0.025000 0.033333
0 0.590625 0.384722 0.018750 0.030556
0 0.542969 0.397222 0.023438 0.033333
0 0.560937 0.373611 0.021875 0.025000
