0 0.145313 0.609722 0.043750 0.036111
0 0.210938 0.598611 0.090625 0.075000
0 0.179688 0.677778 0.040625 0.027778
0 0.227344 0.668056 0.035937 0.025000
0 0.220312 0.545833 0.037500 0.030556
0 0.412500 0.712500 0.053125 0.136111
0 0.458594 0.955556 0.042188 0.088889
0 0.490625 0.937500 0.037500 0.075000
0 0.526563 0.963889 0.037500 0.061111
0 0.496094 0.854167 0.026562 0.063889
0 0.383594 0.608333 0.020313 0.033333
0 0.357812 0.543056 0.028125 0.052778
0 0.385156 0.537500 0.026562 0.030556
0 0.408594 0.620833 0.026562 0.058333
0 0.434375 0.618056 0.018750 0.036111
0 0.482031 0.748611 0.029687 0.058333
0 0.583594 0.901389 0.035937 0.063889
0 0.553125 0.827778 0.034375 0.044444
0 0.528125 0.779167 0.031250 0.047222
0 0.550781 0.759722 0.029687 0.041667
0 0.630469 0.879167 0.039062 0.052778
0 0.583594 0.762500 0.029687 0.063889
0 0.664844 0.976389 0.032813 0.047222
0 0.686719 0.941667 0.039062 0.055556
0 0.722656 0.938889 0.039062 0.061111
0 0.681250 0.840278 0.037500 0.047222
0 0.694531 0.813889 0.032813 0.044444
0 0.903906 0.862500 0.039062 0.025000
0 0.887500 0.831944 0.040625 0.036111
0 0.872656 0.811111 0.045312 0.033333
0 0.858594 0.790278 0.048438 0.036111
0 0.832812 0.738889 0.046875 0.038889
0 0.829688 0.718056 0.037500 0.025000
0 0.774219 0.983333 0.032813 0.033333
0 0.588281 0.711111 0.035937 0.050000
0 0.641406 0.777778 0.032813 0.044444
0 0.687500 0.625000 0.040625 0.033333
0 0.735938 0.615278 0.028125 0.036111
0 0.783594 0.600000 0.035937 0.027778
0 0.626563 0.641667 0.034375 0.044444
0 0.565625 0.623611 0.021875 0.041667
0 0.587500 0.604167 0.025000 0.036111
0 0.664844 0.534722 0.039062 0.041667
0 0.572656 0.436111 0.029687 0.038889
0 0.535156 0.605556 0.023438 0.027778
0 0.501563 0.584722 0.015625 0.036111
0 0.476562 0.508333 0.028125 0.038889
0 0.550781 0.531944 0.020313 0.030556
0 0.512500 0.545833 0.034375 0.036111
0 0.497656 0.466667 0.032813 0.072222
0 0.473438 0.388889 0.034375 0.072222
0 0.434375 0.388889 0.018750 0.022222
0 0.402344 0.413889 0.017188 0.027778
0 0.363281 0.427778 0.017188 0.038889
0 0.390625 0.491667 0.021875 0.038889
0 0.437500 0.312500 0.028125 0.052778
0 0.336719 0.425000 0.017188 0.033333
0 0.250781 0.281944 0.017188 0.030556
0 0.265625 0.259722 0.015625 0.041667
0 0.301563 0.347222 0.018750 0.033333
0 0.327344 0.304167 0.023438 0.036111
