0 0.626563 0.797222 0.109375 0.077778
0 0.098437 0.758333 0.187500 0.227778
0 0.026562 0.936111 0.043750 0.100000
0 0.242188 0.755556 0.084375 0.077778
0 0.044531 0.287500 0.054688 0.063889
0 0.319531 0.641667 0.064062 0.061111
0 0.448437 0.640278 0.059375 0.047222
0 0.503906 0.587500 0.042188 0.052778
0 0.435156 0.577778 0.054688 0.066667
0 0.453906 0.520833 0.048438 0.047222
0 0.378906 0.545833 0.045312 0.041667
0 0.457031 0.479167 0.045312 0.041667
0 0.415625 0.486111 0.040625 0.044444
0 0.558594 0.566667 0.045312 0.055556
0 0.596094 0.509722 0.042188 0.030556
0 0.541406 0.513889 0.039062 0.061111
0 0.551562 0.462500 0.056250 0.030556
0 0.282813 0.425000 0.078125 0.083333
0 0.134375 0.426389 0.031250 0.047222
0 0.217969 0.372222 0.035937 0.027778
0 0.120313 0.255556 0.031250 0.033333
0 0.786719 0.545833 0.120313 0.119444
0 0.916406 0.436111 0.067187 0.094444
0 0.986719 0.325000 0.026562 0.050000
0 0.975781 0.395833 0.039062 0.036111
0 0.964844 0.276389 0.032813 0.041667
0 0.889844 0.281944 0.035937 0.036111
0 0.577344 0.386111 0.042188 0.050000
0 0.583594 0.437500 0.035937 0.041667
0 0.649219 0.440278 0.045312 0.047222
0 0.660937 0.401389 0.043750 0.052778
0 0.714063 0.406944 0.043750 0.030556
0 0.774219 0.377778 0.042188 0.033333
0 0.832812 0.393056 0.034375 0.030556
0 0.871875 0.322222 0.034375 0.027778
0 0.875781 0.363889 0.035937 0.038889
0 0.807813 0.454167 0.034375 0.030556
0 0.761719 0.479167 0.035937 0.047222
0 0.671875 0.322222 0.040625 0.038889
0 0.711719 0.336111 0.039062 0.044444
0 0.825781 0.300000 0.026562 0.033333
0 0.793750 0.337500 0.037500 0.030556
0 0.751563 0.350000 0.031250 0.038889
