0 0.322656 0.900000 0.198437 0.188889
0 0.314844 0.844444 0.073438 0.077778
0 0.464062 0.805556 0.075000 0.072222
0 0.417187 0.768056 0.065625 0.052778
0 0.360938 0.716667 0.062500 0.066667
0 0.438281 0.659722 0.064062 0.047222
0 0.489063 0.708333 0.065625 0.061111
0 0.552344 0.719444 0.060937 0.061111
0 0.130469 0.545833 0.035937 0.169444
0 0.872656 0.756944 0.070312 0.086111
0 0.906250 0.659722 0.065625 0.075000
0 0.034375 0.272222 0.065625 0.055556
0 0.404687 0.248611 0.078125 0.052778
0 0.446875 0.425000 0.043750 0.050000
0 0.308594 0.372222 0.035937 0.044444
0 0.177344 0.258333 0.032813 0.027778
0 0.106250 0.284722 0.034375 0.025000
0 0.749219 0.316667 0.076563 0.077778
0 0.976562 0.266667 0.046875 0.033333
0 0.954688 0.227778 0.053125 0.038889
0 0.889844 0.261111 0.073438 0.061111
0 0.834375 0.386111 0.028125 0.033333
0 0.793750 0.379167 0.043750 0.030556
0 0.776563 0.359722 0.034375 0.019444
0 0.757031 0.351389 0.035937 0.041667
0 0.522656 0.275000 0.035937 0.033333
0 0.141406 0.265278 0.026562 0.019444
0 0.122656 0.244444 0.020313 0.022222
0 0.089844 0.231944 0.023438 0.019444
0 0.814844 0.330556 0.032813 0.027778
0 0.897656 0.337500 0.035937 0.025000
0 0.960156 0.305556 0.029687 0.038889
0 0.872656 0.333333 0.039062 0.044444
0 0.807813 0.305556 0.043750 0.038889
