0 0.158594 0.679167 0.039062 0.036111
0 0.214062 0.681944 0.046875 0.036111
0 0.206250 0.641667 0.037500 0.022222
0 0.299219 0.687500 0.045312 0.025000
0 0.265625 0.658333 0.043750 0.033333
0 0.262500 0.636111 0.037500 0.027778
0 0.248438 0.593056 0.040625 0.030556
0 0.357812 0.743056 0.037500 0.041667
0 0.455469 0.838889 0.029687 0.061111
0 0.373437 0.851389 0.028125 0.058333
0 0.436719 0.683333 0.029687 0.055556
0 0.558594 0.851389 0.032813 0.041667
0 0.764062 0.943056 0.037500 0.069444
0 0.675000 0.897222 0.037500 0.061111
0 0.645312 0.920833 0.037500 0.063889
0 0.532031 0.780556 0.032813 0.044444
0 0.511719 0.720833 0.029687 0.041667
0 0.593750 0.715278 0.028125 0.030556
0 0.589844 0.775000 0.032813 0.038889
0 0.614844 0.775000 0.026562 0.044444
0 0.663281 0.788889 0.070312 0.127778
0 0.675000 0.741667 0.025000 0.050000
0 0.696875 0.818056 0.037500 0.030556
0 0.477344 0.636111 0.020313 0.038889
0 0.442969 0.583333 0.029687 0.033333
0 0.508594 0.652778 0.026562 0.038889
0 0.521875 0.625000 0.034375 0.050000
0 0.911719 0.890278 0.045312 0.036111
0 0.904687 0.861111 0.037500 0.044444
0 0.889062 0.829167 0.040625 0.030556
0 0.860938 0.786111 0.037500 0.044444
0 0.853125 0.759722 0.056250 0.041667
0 0.829688 0.722222 0.046875 0.038889
0 0.679688 0.530556 0.031250 0.022222
0 0.703906 0.516667 0.035937 0.022222
0 0.653125 0.515278 0.034375 0.025000
0 0.648438 0.655556 0.025000 0.050000
0 0.678125 0.636111 0.028125 0.050000
0 0.749219 0.595833 0.039062 0.030556
0 0.801562 0.598611 0.034375 0.025000
0 0.805469 0.558333 0.035937 0.022222
0 0.482812 0.540278 0.015625 0.036111
0 0.464062 0.490278 0.025000 0.036111
0 0.526563 0.420833 0.062500 0.058333
0 0.499219 0.469444 0.045312 0.066667
0 0.575781 0.441667 0.026562 0.027778
0 0.456250 0.391667 0.043750 0.072222
0 0.436719 0.443056 0.026562 0.036111
0 0.412500 0.379167 0.025000 0.030556
0 0.415625 0.348611 0.021875 0.030556
0 0.378906 0.394444 0.023438 0.038889
0 0.476562 0.379167 0.021875 0.019444
