0 0.362500 0.890278 0.106250 0.091667
0 0.135156 0.838889 0.098437 0.066667
0 0.076563 0.776389 0.150000 0.197222
0 0.238281 0.680556 0.076563 0.083333
0 0.316406 0.413889 0.051562 0.033333
0 0.388281 0.616667 0.079687 0.066667
0 0.337500 0.745833 0.075000 0.086111
0 0.293750 0.686111 0.059375 0.083333
0 0.496875 0.736111 0.081250 0.061111
0 0.466406 0.643056 0.089063 0.069444
0 0.623437 0.668056 0.081250 0.058333
0 0.594531 0.625000 0.082812 0.072222
0 0.537500 0.566667 0.056250 0.055556
0 0.564063 0.495833 0.090625 0.069444
0 0.497656 0.498611 0.064062 0.052778
0 0.608594 0.516667 0.045312 0.055556
0 0.621875 0.554167 0.056250 0.063889
0 0.670312 0.556944 0.059375 0.058333
0 0.771875 0.590278 0.075000 0.047222
0 0.752344 0.552778 0.057813 0.050000
0 0.739844 0.515278 0.060937 0.047222
0 0.796875 0.426389 0.037500 0.052778
0 0.817187 0.369444 0.053125 0.044444
0 0.961719 0.263889 0.039062 0.027778
0 0.619531 0.422222 0.060937 0.055556
0 0.357031 0.408333 0.029687 0.033333
