0 0.158594 0.955556 0.104688 0.077778
0 0.350781 0.925000 0.107813 0.116667
0 0.272656 0.915278 0.067187 0.086111
0 0.280469 0.841667 0.073438 0.077778
0 0.297656 0.770833 0.082812 0.063889
0 0.386719 0.697222 0.082812 0.055556
0 0.403125 0.763889 0.078125 0.055556
0 0.429688 0.805556 0.078125 0.066667
0 0.462500 0.831944 0.068750 0.063889
0 0.552344 0.751389 0.079687 0.058333
0 0.514062 0.723611 0.075000 0.047222
0 0.500000 0.683333 0.075000 0.055556
0 0.481250 0.662500 0.062500 0.047222
0 0.457813 0.640278 0.068750 0.058333
0 0.921875 0.820833 0.087500 0.086111
0 0.968750 0.548611 0.062500 0.058333
0 0.875781 0.686111 0.082812 0.077778
0 0.889062 0.601389 0.075000 0.058333
0 0.842187 0.502778 0.056250 0.044444
0 0.689844 0.652778 0.073438 0.083333
0 0.682031 0.551389 0.070312 0.069444
0 0.737500 0.529167 0.062500 0.063889
0 0.640625 0.395833 0.065625 0.069444
0 0.524219 0.566667 0.064062 0.061111
0 0.398438 0.512500 0.125000 0.147222
0 0.543750 0.516667 0.062500 0.061111
0 0.547656 0.461111 0.054688 0.038889
0 0.557031 0.411111 0.057813 0.050000
0 0.470313 0.469444 0.056250 0.044444
0 0.443750 0.420833 0.050000 0.041667
0 0.383594 0.420833 0.045312 0.052778
0 0.277344 0.441667 0.048438 0.038889
0 0.388281 0.352778 0.045312 0.038889
0 0.297656 0.369444 0.039062 0.033333
0 0.270313 0.387500 0.037500 0.030556
0 0.216406 0.259722 0.060937 0.041667
0 0.097656 0.320833 0.067187 0.075000
0 0.224219 0.351389 0.039062 0.036111
0 0.279687 0.319444 0.034375 0.027778
0 0.246875 0.298611 0.031250 0.025000
0 0.182812 0.294444 0.025000 0.027778
0 0.159375 0.308333 0.028125 0.033333
0 0.139844 0.318056 0.017188 0.036111
0 0.125781 0.262500 0.029687 0.030556
0 0.102344 0.237500 0.032813 0.030556
0 0.803906 0.294444 0.070312 0.061111
0 0.753125 0.344444 0.031250 0.038889
0 0.779687 0.363889 0.028125 0.038889
0 0.800781 0.373611 0.039062 0.041667
0 0.960938 0.290278 0.068750 0.052778
0 0.882812 0.347222 0.031250 0.027778
0 0.850000 0.373611 0.034375 0.036111
0 0.851562 0.333333 0.043750 0.038889
