0 0.187500 0.861111 0.171875 0.266667
0 0.235937 0.962500 0.068750 0.052778
0 0.359375 0.930556 0.065625 0.111111
0 0.468750 0.922222 0.059375 0.094444
0 0.296094 0.873611 0.073438 0.108333
0 0.287500 0.773611 0.050000 0.102778
0 0.362500 0.773611 0.078125 0.086111
0 0.435937 0.805556 0.062500 0.088889
0 0.326562 0.704167 0.050000 0.080556
0 0.407813 0.679167 0.056250 0.069444
0 0.382031 0.620833 0.054688 0.086111
0 0.467969 0.709722 0.051562 0.086111
0 0.520312 0.659722 0.043750 0.069444
0 0.568750 0.852778 0.053125 0.083333
0 0.633594 0.975000 0.048438 0.038889
0 0.615625 0.751389 0.050000 0.069444
0 0.552344 0.741667 0.042188 0.072222
0 0.607812 0.680556 0.062500 0.055556
0 0.663281 0.576389 0.042188 0.047222
0 0.639844 0.494444 0.032813 0.050000
0 0.700781 0.375000 0.023438 0.044444
0 0.494531 0.611111 0.042188 0.066667
0 0.445312 0.626389 0.043750 0.058333
0 0.424219 0.572222 0.045312 0.061111
0 0.421875 0.513889 0.028125 0.038889
0 0.487500 0.544444 0.040625 0.072222
0 0.535156 0.597222 0.023438 0.050000
0 0.546094 0.537500 0.026562 0.041667
0 0.477344 0.450000 0.048438 0.083333
0 0.560937 0.495833 0.015625 0.025000
0 0.533594 0.454167 0.010937 0.036111
0 0.573438 0.419444 0.025000 0.033333
0 0.579688 0.386111 0.018750 0.033333
0 0.550000 0.377778 0.021875 0.033333
0 0.534375 0.358333 0.025000 0.033333
