0 0.154688 0.829167 0.121875 0.191667
0 0.219531 0.983333 0.051562 0.033333
0 0.323437 0.979167 0.075000 0.041667
0 0.583594 0.773611 0.054688 0.080556
0 0.565625 0.700000 0.037500 0.066667
0 0.626563 0.680556 0.034375 0.077778
0 0.610938 0.577778 0.034375 0.061111
0 0.664062 0.566667 0.025000 0.055556
0 0.634375 0.508333 0.028125 0.050000
0 0.653125 0.440278 0.021875 0.047222
0 0.545312 0.534722 0.034375 0.063889
0 0.499219 0.440278 0.039062 0.086111
0 0.471094 0.427778 0.023438 0.038889
0 0.548438 0.452778 0.025000 0.044444
0 0.556250 0.388889 0.040625 0.066667
0 0.581250 0.415278 0.018750 0.058333
0 0.608594 0.338889 0.026562 0.050000
0 0.575781 0.300000 0.020313 0.044444
0 0.700781 0.326389 0.026562 0.047222
0 0.723437 0.297222 0.012500 0.038889
0 0.703125 0.258333 0.021875 0.022222
