0 0.167187 0.683333 0.034375 0.033333
0 0.214062 0.659722 0.034375 0.030556
0 0.264062 0.654167 0.046875 0.030556
0 0.189062 0.609722 0.034375 0.036111
0 0.258594 0.573611 0.045312 0.025000
0 0.134375 0.570833 0.037500 0.041667
0 0.181250 0.562500 0.034375 0.036111
0 0.229687 0.538889 0.040625 0.033333
0 0.250781 0.509722 0.039062 0.036111
0 0.167187 0.497222 0.034375 0.027778
0 0.122656 0.527778 0.039062 0.027778
0 0.108594 0.509722 0.045312 0.036111
0 0.388281 0.476389 0.098437 0.047222
0 0.554688 0.768056 0.028125 0.052778
0 0.579688 0.827778 0.040625 0.050000
0 0.607812 0.904167 0.034375 0.047222
0 0.635938 0.883333 0.037500 0.050000
0 0.612500 0.819444 0.031250 0.050000
0 0.574219 0.754167 0.032813 0.047222
0 0.603906 0.743056 0.029687 0.036111
0 0.625000 0.798611 0.028125 0.047222
0 0.698438 0.911111 0.078125 0.144444
0 0.653125 0.772222 0.062500 0.122222
0 0.791406 0.968056 0.057813 0.063889
0 0.728906 0.866667 0.064062 0.111111
0 0.677344 0.751389 0.070312 0.113889
0 0.895312 0.858333 0.037500 0.044444
0 0.881250 0.833333 0.028125 0.050000
0 0.911719 0.787500 0.042188 0.025000
0 0.861719 0.787500 0.042188 0.041667
0 0.854688 0.761111 0.046875 0.044444
0 0.835938 0.744444 0.040625 0.044444
0 0.827344 0.712500 0.035937 0.025000
0 0.671094 0.597222 0.039062 0.022222
0 0.673438 0.566667 0.031250 0.027778
0 0.718750 0.601389 0.037500 0.025000
0 0.716406 0.569444 0.035937 0.027778
0 0.793750 0.573611 0.075000 0.052778
0 0.872656 0.584722 0.039062 0.025000
0 0.577344 0.445833 0.029687 0.030556
