0 0.226562 0.947222 0.115625 0.100000
0 0.310937 0.962500 0.100000 0.069444
0 0.330469 0.861111 0.104688 0.094444
0 0.255469 0.818056 0.095312 0.091667
0 0.462500 0.693056 0.075000 0.080556
0 0.474219 0.790278 0.214062 0.236111
0 0.418750 0.672222 0.078125 0.072222
0 0.503125 0.477778 0.071875 0.050000
0 0.623437 0.443056 0.071875 0.047222
0 0.642969 0.400000 0.064062 0.027778
0 0.763281 0.327778 0.101562 0.083333
0 0.875781 0.356944 0.045312 0.036111
0 0.912500 0.334722 0.046875 0.041667
0 0.948438 0.297222 0.040625 0.027778
0 0.278125 0.308333 0.043750 0.038889
0 0.399219 0.291667 0.048438 0.033333
0 0.194531 0.279167 0.045312 0.025000
0 0.159375 0.263889 0.031250 0.027778
