0 0.083594 0.980556 0.085938 0.038889
0 0.312500 0.879167 0.078125 0.091667
0 0.324219 0.772222 0.082812 0.077778
0 0.457813 0.827778 0.218750 0.216667
0 0.437500 0.763889 0.056250 0.061111
0 0.535156 0.702778 0.070312 0.050000
0 0.445312 0.648611 0.059375 0.063889
0 0.495312 0.675000 0.071875 0.061111
0 0.677344 0.680556 0.070312 0.050000
0 0.611719 0.670833 0.064062 0.052778
0 0.482031 0.550000 0.039062 0.066667
0 0.970313 0.623611 0.046875 0.075000
0 0.688281 0.623611 0.054688 0.041667
0 0.749219 0.633333 0.051562 0.044444
0 0.807813 0.587500 0.053125 0.036111
0 0.901563 0.522222 0.046875 0.066667
0 0.607031 0.575000 0.048438 0.055556
0 0.636719 0.594444 0.060937 0.044444
0 0.700000 0.547222 0.059375 0.061111
0 0.744531 0.577778 0.048438 0.050000
0 0.814063 0.525000 0.078125 0.055556
0 0.843750 0.447222 0.028125 0.055556
0 0.750781 0.505556 0.039062 0.033333
0 0.702344 0.493056 0.054688 0.030556
0 0.022656 0.268056 0.042188 0.052778
0 0.069531 0.230556 0.023438 0.022222
0 0.050781 0.268056 0.023438 0.025000
0 0.118750 0.293056 0.034375 0.030556
0 0.152344 0.337500 0.032813 0.025000
0 0.342187 0.430556 0.031250 0.033333
0 0.361719 0.406944 0.039062 0.030556
0 0.369531 0.387500 0.035937 0.025000
0 0.378125 0.327778 0.043750 0.038889
0 0.485938 0.377778 0.046875 0.022222
0 0.494531 0.418056 0.029687 0.030556
0 0.479687 0.451389 0.025000 0.030556
0 0.494531 0.493056 0.023438 0.036111
0 0.561719 0.420833 0.064062 0.052778
0 0.553125 0.465278 0.053125 0.036111
0 0.536719 0.520833 0.045312 0.058333
0 0.587500 0.488889 0.050000 0.038889
0 0.633594 0.458333 0.045312 0.044444
0 0.662500 0.386111 0.096875 0.105556
0 0.753125 0.383333 0.043750 0.044444
0 0.850000 0.377778 0.028125 0.033333
0 0.984375 0.291667 0.031250 0.022222
0 0.800781 0.454167 0.057813 0.036111
0 0.853125 0.326389 0.034375 0.030556
0 0.802344 0.354167 0.029687 0.025000
0 0.821094 0.319444 0.026562 0.027778
0 0.782031 0.341667 0.042188 0.038889
0 0.316406 0.363889 0.039062 0.022222
0 0.291406 0.401389 0.048438 0.041667
0 0.242969 0.391667 0.035937 0.027778
0 0.275781 0.348611 0.026562 0.030556
0 0.240625 0.336111 0.034375 0.027778
0 0.225000 0.354167 0.034375 0.025000
0 0.201563 0.369444 0.037500 0.033333
0 0.189062 0.327778 0.028125 0.016667
