0 0.071875 0.812500 0.037500 0.036111
0 0.071875 0.776389 0.037500 0.036111
0 0.122656 0.776389 0.042188 0.036111
0 0.120313 0.751389 0.034375 0.030556
0 0.175000 0.740278 0.031250 0.030556
0 0.167969 0.715278 0.035937 0.030556
0 0.257812 0.705556 0.046875 0.038889
0 0.212500 0.686111 0.037500 0.038889
0 0.284375 0.643056 0.040625 0.036111
0 0.322656 0.645833 0.045312 0.041667
0 0.424219 0.648611 0.042188 0.030556
0 0.378906 0.637500 0.060937 0.069444
0 0.709375 0.548611 0.059375 0.047222
0 0.734375 0.747222 0.059375 0.116667
0 0.710938 0.766667 0.028125 0.055556
0 0.868750 0.891667 0.018750 0.055556
0 0.832031 0.880556 0.029687 0.050000
0 0.828906 0.794444 0.026562 0.038889
0 0.827344 0.829167 0.023438 0.052778
0 0.786719 0.769444 0.032813 0.033333
0 0.531250 0.663889 0.087500 0.066667
0 0.451562 0.547222 0.040625 0.027778
0 0.625000 0.419444 0.028125 0.033333
0 0.589063 0.412500 0.034375 0.030556
0 0.614062 0.584722 0.034375 0.025000
0 0.514844 0.616667 0.035937 0.033333
0 0.470313 0.663889 0.025000 0.044444
0 0.582812 0.555556 0.031250 0.033333
0 0.616406 0.518056 0.032813 0.025000
0 0.707031 0.401389 0.032813 0.036111
0 0.668750 0.431944 0.034375 0.030556
