0 0.226562 0.827778 0.181250 0.305556
0 0.372656 0.559722 0.039062 0.069444
0 0.609375 0.726389 0.037500 0.069444
0 0.566406 0.697222 0.045312 0.066667
0 0.642969 0.598611 0.029687 0.058333
0 0.596094 0.615278 0.042188 0.058333
0 0.664844 0.544444 0.029687 0.061111
0 0.683594 0.404167 0.029687 0.030556
0 0.635938 0.502778 0.028125 0.038889
0 0.578906 0.405556 0.029687 0.044444
0 0.574219 0.331944 0.023438 0.047222
0 0.596875 0.372222 0.025000 0.050000
0 0.650781 0.427778 0.026562 0.038889
0 0.659375 0.381944 0.021875 0.041667
0 0.672656 0.334722 0.014063 0.036111
0 0.704688 0.300000 0.025000 0.027778
0 0.746094 0.269444 0.020313 0.033333
