0 0.496875 0.879167 0.071875 0.113889
0 0.581250 0.943056 0.075000 0.102778
0 0.646094 0.952778 0.067187 0.083333
0 0.374219 0.941667 0.092188 0.105556
0 0.242188 0.929167 0.125000 0.130556
0 0.168750 0.929167 0.065625 0.102778
0 0.179688 0.805556 0.096875 0.116667
0 0.259375 0.818056 0.078125 0.091667
0 0.339844 0.804167 0.101562 0.136111
0 0.400000 0.838889 0.075000 0.111111
0 0.446875 0.729167 0.065625 0.108333
0 0.589844 0.709722 0.045312 0.069444
0 0.667969 0.531944 0.054688 0.063889
0 0.690625 0.454167 0.037500 0.047222
0 0.653125 0.441667 0.031250 0.038889
0 0.690625 0.402778 0.028125 0.044444
0 0.670312 0.377778 0.025000 0.033333
0 0.699219 0.311111 0.023438 0.033333
0 0.484375 0.661111 0.056250 0.066667
0 0.405469 0.679167 0.060937 0.080556
0 0.371875 0.647222 0.050000 0.066667
0 0.309375 0.655556 0.071875 0.072222
0 0.358594 0.577778 0.054688 0.061111
0 0.415625 0.587500 0.043750 0.058333
0 0.521875 0.593056 0.043750 0.052778
0 0.467969 0.565278 0.035937 0.058333
0 0.446875 0.530556 0.046875 0.050000
0 0.425000 0.493056 0.040625 0.058333
0 0.552344 0.545833 0.032813 0.047222
0 0.565625 0.505556 0.031250 0.044444
0 0.581250 0.469444 0.028125 0.033333
0 0.502344 0.529167 0.042188 0.047222
0 0.473438 0.494444 0.040625 0.050000
0 0.525000 0.486111 0.025000 0.044444
0 0.502344 0.466667 0.042188 0.050000
0 0.483594 0.422222 0.029687 0.044444
0 0.517188 0.376389 0.043750 0.036111
0 0.515625 0.430556 0.034375 0.050000
0 0.550000 0.456944 0.031250 0.041667
0 0.559375 0.381944 0.025000 0.041667
0 0.717187 0.281944 0.015625 0.013889
0 0.730469 0.259722 0.017188 0.019444
0 0.714063 0.241667 0.012500 0.027778
0 0.735156 0.183333 0.017188 0.022222
