0 0.109375 0.498611 0.084375 0.091667
0 0.700781 0.588889 0.110937 0.072222
0 0.646094 0.612500 0.045312 0.036111
0 0.539844 0.800000 0.035937 0.061111
0 0.503125 0.900000 0.037500 0.077778
0 0.423438 0.956944 0.050000 0.075000
0 0.467187 0.872222 0.043750 0.077778
0 0.505469 0.793056 0.035937 0.063889
0 0.393750 0.736111 0.050000 0.083333
0 0.358594 0.819444 0.048438 0.083333
0 0.303125 0.912500 0.050000 0.080556
0 0.267969 0.984722 0.035937 0.030556
0 0.342187 0.911111 0.040625 0.077778
0 0.388281 0.829167 0.060937 0.086111
0 0.362500 0.987500 0.043750 0.025000
0 0.474219 0.756944 0.048438 0.063889
0 0.440625 0.751389 0.037500 0.069444
0 0.457031 0.625000 0.064062 0.050000
0 0.717187 0.711111 0.056250 0.061111
0 0.611719 0.684722 0.042188 0.047222
0 0.621875 0.643056 0.053125 0.058333
0 0.544531 0.600000 0.051562 0.050000
0 0.326562 0.584722 0.040625 0.047222
0 0.214062 0.541667 0.046875 0.038889
0 0.205469 0.505556 0.042188 0.022222
0 0.198437 0.472222 0.034375 0.038889
0 0.025781 0.412500 0.035937 0.019444
0 0.031250 0.450000 0.043750 0.038889
0 0.410156 0.552778 0.042188 0.033333
0 0.405469 0.583333 0.042188 0.044444
0 0.935937 0.770833 0.056250 0.058333
0 0.888281 0.719444 0.048438 0.050000
0 0.777344 0.695833 0.054688 0.047222
0 0.857812 0.611111 0.040625 0.038889
0 0.967969 0.551389 0.051562 0.052778
0 0.757812 0.554167 0.040625 0.041667
0 0.660156 0.508333 0.045312 0.038889
0 0.621094 0.520833 0.042188 0.025000
0 0.574219 0.479167 0.035937 0.041667
0 0.544531 0.511111 0.045312 0.038889
0 0.467187 0.476389 0.040625 0.041667
0 0.454688 0.444444 0.046875 0.033333
0 0.176563 0.380556 0.031250 0.038889
0 0.229687 0.416667 0.040625 0.044444
0 0.093750 0.331944 0.050000 0.030556
0 0.555469 0.279167 0.048438 0.058333
0 0.598437 0.234722 0.050000 0.058333
0 0.626563 0.186111 0.043750 0.055556
0 0.507812 0.362500 0.025000 0.041667
0 0.528906 0.373611 0.026562 0.058333
0 0.549219 0.369444 0.023438 0.038889
0 0.575000 0.379167 0.021875 0.047222
0 0.606250 0.391667 0.040625 0.044444
0 0.625000 0.348611 0.015625 0.036111
0 0.647656 0.313889 0.020313 0.038889
0 0.667188 0.294444 0.018750 0.038889
0 0.600000 0.345833 0.028125 0.030556
0 0.585156 0.330556 0.029687 0.033333
0 0.617188 0.316667 0.031250 0.033333
0 0.694531 0.197222 0.026562 0.033333
0 0.642969 0.248611 0.020313 0.052778
0 0.375000 0.423611 0.034375 0.030556
0 0.396875 0.493056 0.043750 0.025000
0 0.400781 0.463889 0.042188 0.038889
0 0.309375 0.520833 0.043750 0.041667
