0 0.060156 0.247222 0.035937 0.055556
0 0.149219 0.086111 0.029687 0.038889
0 0.097656 0.354167 0.045312 0.086111
0 0.157031 0.418056 0.042188 0.108333
0 0.105469 0.475000 0.023438 0.044444
0 0.256250 0.663889 0.075000 0.144444
0 0.234375 0.529167 0.040625 0.041667
0 0.231250 0.462500 0.034375 0.030556
0 0.262500 0.506944 0.028125 0.041667
0 0.293750 0.556944 0.046875 0.041667
0 0.282813 0.606944 0.040625 0.052778
0 0.333594 0.627778 0.032813 0.038889
0 0.300781 0.651389 0.029687 0.058333
0 0.390625 0.818056 0.109375 0.152778
0 0.364063 0.680556 0.034375 0.050000
0 0.478125 0.852778 0.109375 0.161111
0 0.403125 0.748611 0.031250 0.052778
0 0.306250 0.784722 0.028125 0.058333
0 0.344531 0.838889 0.045312 0.055556
0 0.378906 0.908333 0.042188 0.055556
0 0.407813 0.979167 0.040625 0.041667
0 0.464062 0.941667 0.053125 0.055556
0 0.369531 0.990278 0.067187 0.019444
0 0.332813 0.938889 0.050000 0.050000
0 0.296094 0.873611 0.039062 0.047222
0 0.618750 0.548611 0.031250 0.036111
0 0.228125 0.288889 0.050000 0.072222
0 0.290625 0.356944 0.040625 0.036111
0 0.468750 0.369444 0.040625 0.033333
0 0.552344 0.362500 0.045312 0.047222
0 0.598437 0.458333 0.034375 0.061111
0 0.658594 0.400000 0.039062 0.038889
0 0.624219 0.394444 0.035937 0.044444
0 0.596875 0.376389 0.034375 0.036111
0 0.692187 0.352778 0.037500 0.027778
0 0.753125 0.312500 0.034375 0.030556
0 0.620313 0.327778 0.043750 0.033333
0 0.684375 0.325000 0.040625 0.033333
0 0.680469 0.287500 0.039062 0.025000
0 0.957031 0.152778 0.045312 0.038889
0 0.907031 0.680556 0.110937 0.155556
0 0.788281 0.559722 0.076563 0.130556
0 0.813281 0.519444 0.098437 0.111111
0 0.835938 0.490278 0.075000 0.125000
0 0.909375 0.468056 0.100000 0.108333
0 0.926562 0.644444 0.090625 0.144444
0 0.944531 0.587500 0.098437 0.113889
0 0.970313 0.556944 0.059375 0.075000
0 0.930469 0.284722 0.070312 0.091667
0 0.800781 0.200000 0.026562 0.038889
0 0.774219 0.256944 0.042188 0.036111
0 0.732031 0.287500 0.035937 0.025000
0 0.845313 0.211111 0.028125 0.033333
